timestamp,open,high,low,close,volume
2024-03-11,17.6900,17.6900,17.6900,17.6900,2
2024-03-08,17.5250,17.5250,17.5250,17.5250,3
2024-03-07,17.6329,17.6329,17.6329,17.6329,40
2024-03-06,17.5000,17.5000,17.5000,17.5000,52
2024-03-05,17.2600,17.4410,17.2600,17.3000,1249
2024-03-04,17.2100,17.2100,17.2100,17.2100,151
2024-03-01,17.4400,17.4400,17.4400,17.4400,59
2024-02-29,17.4971,17.4971,17.4971,17.4971,1
2024-02-28,17.4300,17.4300,17.4300,17.4300,1
2024-02-27,17.2750,17.2750,17.2750,17.2750,1
2024-02-26,17.4350,17.4350,17.4350,17.4350,168
2024-02-23,17.1501,17.3900,17.1501,17.3900,267
2024-02-22,17.1300,17.1300,17.1300,17.1300,148
2024-02-21,17.2600,17.5195,17.2600,17.5195,115
2024-02-20,17.3957,17.3957,17.3957,17.3957,37
2024-02-16,17.5100,17.5650,17.5100,17.5650,266
2024-02-15,17.8500,17.8500,17.8500,17.8500,148
2024-02-14,17.9400,17.9400,17.5300,17.5300,296
2024-02-13,17.9100,17.9100,17.7150,17.7150,221
2024-02-12,17.7450,17.7450,17.7450,17.7450,3
2024-02-09,17.7700,17.7700,17.7700,17.7700,296
2024-02-08,17.8937,17.8937,17.8937,17.8937,2
2024-02-07,17.8741,17.8741,17.8250,17.8250,314
2024-02-06,17.8915,17.8915,17.5800,17.5800,895
2024-02-05,17.9633,17.9633,17.9633,17.9633,101
2024-02-02,18.0200,18.0200,18.0200,18.0200,39
2024-02-01,18.0550,18.0550,18.0550,18.0550,115
2024-01-31,18.0250,18.0250,18.0250,18.0250,115
2024-01-30,18.0150,18.0150,18.0150,18.0150,134
2024-01-29,17.9850,17.9850,17.9850,17.9850,51
2024-01-26,17.7700,17.9650,17.7700,17.9550,727
2024-01-25,17.9750,17.9750,17.9750,17.9750,439
2024-01-24,17.7500,17.9652,17.7500,17.9652,439
2024-01-23,18.0300,18.0300,18.0300,18.0300,153
2024-01-22,18.1050,18.1050,18.1050,18.1050,160
2024-01-19,18.2100,18.2100,18.2100,18.2100,2
2024-01-18,18.2050,18.2050,18.2050,18.2050,196
2024-01-17,18.2050,18.2050,18.2050,18.2050,164
2024-01-16,17.8600,17.8700,17.8000,17.8000,14501
2024-01-12,18.2500,18.2500,18.0600,18.0600,157
2024-01-11,18.0453,18.0453,18.0453,18.0453,52
2024-01-10,18.0900,18.0900,17.9300,17.9300,179
2024-01-09,18.2000,18.2000,18.0800,18.0800,479
2024-01-08,17.7400,17.9350,17.7300,17.9350,467
2024-01-05,18.0250,18.0250,18.0250,18.0250,11
2024-01-04,18.0650,18.0650,18.0650,18.0650,9
2024-01-03,17.7600,18.0438,17.7600,18.0438,195
2024-01-02,17.9952,17.9952,17.9952,17.9952,74
2023-12-29,17.7613,18.0728,17.7613,18.0728,831
2023-12-28,18.0000,18.0000,17.9489,17.9489,153
2023-12-27,18.0900,18.0900,18.0900,18.0900,37
2023-12-26,18.0818,18.0818,18.0818,18.0818,35
2023-12-22,18.0751,18.0751,18.0751,18.0751,23
2023-12-21,18.1698,18.1698,18.1698,18.1698,23
2023-12-20,18.0900,18.0900,18.0800,18.0800,891
2023-12-19,17.9449,17.9449,17.9449,17.9449,174
2023-12-18,18.0500,18.0500,17.9750,17.9750,174
2023-12-15,17.9900,18.0229,17.9900,18.0229,180
2023-12-14,17.7900,17.9400,17.7900,17.9400,134
2023-12-13,17.6500,17.9500,17.6500,17.9134,271
2023-12-12,17.8098,17.8098,17.8098,17.8098,100
2023-12-11,17.8200,17.8200,17.8200,17.8200,178
2023-12-08,18.0509,18.0509,18.0509,18.0509,46
2023-12-07,18.3700,18.4000,18.1097,18.1097,246
2023-12-06,17.9800,18.0500,17.9800,18.0500,1047
2023-12-05,18.0300,18.0300,17.9900,17.9900,498
2023-12-04,18.0500,18.0500,17.8700,17.8700,156
2023-12-01,17.8200,18.0500,17.8050,17.8050,646
2023-11-30,17.7950,17.7950,17.7950,17.7950,72
2023-11-29,17.8587,17.8587,17.8419,17.8419,351
2023-11-28,17.6400,17.8000,17.6400,17.8000,1404
2023-11-27,17.7828,17.7828,17.7828,17.7828,98
2023-11-24,17.7800,17.7800,17.7800,17.7800,43
2023-11-22,18.0200,18.0457,18.0200,18.0457,135
2023-11-21,18.0208,18.0208,18.0208,18.0208,46
2023-11-20,17.9400,18.0000,17.6100,17.9917,4697
2023-11-17,17.9600,18.1100,17.7300,18.1100,499
2023-11-16,18.0800,18.0800,18.0800,18.0800,142
2023-11-15,17.9650,17.9650,17.9650,17.9650,223
2023-11-14,17.8900,18.1750,17.6600,18.1396,5225
2023-11-13,18.3252,18.3252,18.3252,18.3252,146
2023-11-10,18.4600,18.5544,18.4600,18.5544,660
2023-11-09,18.7207,18.7207,18.7207,18.7207,177
2023-11-08,18.5700,18.7806,18.5700,18.7806,4730
2023-11-07,18.7413,18.7413,18.7413,18.7413,3
2023-11-06,17.8701,18.4806,17.8701,18.4806,195
2023-11-03,18.4300,18.9000,18.0100,18.7932,18675
2023-11-02,18.8300,18.8900,18.4426,18.4426,28400
2023-11-01,19.0800,19.1200,19.0100,19.0375,10293
2023-10-31,19.1770,19.1770,19.1770,19.1770,50
2023-10-30,19.3048,19.3048,19.2928,19.2928,206
2023-10-27,19.4789,19.4789,19.4789,19.4789,102
2023-10-26,19.2900,19.3055,19.2900,19.3055,269
2023-10-25,19.0677,19.0677,19.0677,19.0677,9
2023-10-24,18.8100,18.9238,18.8100,18.9238,910
2023-10-23,19.1900,19.1900,19.0900,19.1800,422
2023-10-20,18.9800,18.9800,18.9800,18.9800,674
2023-10-19,18.7400,18.7400,18.7400,18.7400,213
2023-10-18,18.6684,18.6684,18.6684,18.6684,3
2023-10-17,18.4166,18.4166,18.4166,18.4166,2
2023-10-16,18.5107,18.5107,18.5107,18.5107,7
2023-10-13,18.6582,18.6582,18.6582,18.6582,118
2023-10-12,18.3200,18.5366,18.3200,18.5366,102
2023-10-11,18.7300,18.7300,18.1200,18.1200,1073
2023-10-10,18.4900,18.4900,18.0900,18.0900,300
2023-10-09,18.6470,18.6470,18.6470,18.6470,0
2023-10-06,18.5871,18.5871,18.5871,18.5871,54
2023-10-05,18.7639,18.7639,18.7639,18.7639,54
2023-10-04,18.7500,18.7500,18.7500,18.7500,471
2023-10-03,18.7363,18.7363,18.7363,18.7363,92
2023-10-02,18.5000,18.6550,18.5000,18.6550,204
2023-09-29,18.6371,18.6371,18.6371,18.6371,86
2023-09-28,18.6103,18.6103,18.6103,18.6103,45
2023-09-27,18.6297,18.6297,18.6297,18.6297,157
2023-09-26,18.6017,18.6100,18.6017,18.6100,157
2023-09-25,18.5245,18.5245,18.5245,18.5245,0
2023-09-22,18.5257,18.5257,18.5257,18.5257,79
2023-09-21,18.5542,18.5542,18.5542,18.5542,200
2023-09-20,18.5500,18.6750,18.5500,18.6750,166
2023-09-19,18.9650,18.9650,18.6314,18.6314,257
2023-09-18,18.9300,18.9300,18.3000,18.3000,664
2023-09-15,18.6116,18.6116,18.6116,18.6116,85
2023-09-14,18.5743,18.5743,18.5743,18.5743,0
2023-09-13,18.6400,18.6400,18.6400,18.6400,40
2023-09-12,18.6653,18.6653,18.6653,18.6653,40
2023-09-11,18.6799,18.6799,18.6799,18.6799,89
2023-09-08,18.4500,18.7112,18.4400,18.7112,669
2023-09-07,18.7230,18.7230,18.7230,18.7230,28
2023-09-06,18.6310,18.6310,18.6310,18.6310,9
2023-09-05,18.3000,18.3000,18.3000,18.3000,207
2023-09-01,18.8050,18.8050,18.8050,18.8050,1
2023-08-31,18.8011,18.8011,18.8011,18.8011,2
2023-08-30,18.7650,18.7650,18.7650,18.7650,2
2023-08-29,18.9650,18.9650,18.9650,18.9650,7
2023-08-28,19.0729,19.0729,19.0729,19.0729,0
2023-08-25,19.0600,19.0600,18.9100,18.9100,1725
2023-08-24,18.9148,18.9148,18.9148,18.9148,101
2023-08-23,19.1100,19.1100,19.1100,19.1100,100
2023-08-22,19.1000,19.1000,19.1000,19.1000,100
2023-08-21,19.0450,19.0450,19.0450,19.0450,39
2023-08-18,19.1025,19.1025,19.1025,19.1025,7
2023-08-17,18.9797,18.9797,18.9797,18.9797,18
2023-08-16,18.9150,18.9150,18.9150,18.9150,5
2023-08-15,18.8450,18.8450,18.8450,18.8450,22
2023-08-14,18.7200,18.8750,18.7200,18.8750,611
2023-08-11,18.8093,18.8093,18.8093,18.8093,122
2023-08-10,18.8760,18.8760,18.8760,18.8760,15
2023-08-09,18.9739,18.9739,18.9739,18.9739,9
2023-08-08,18.8686,18.8686,18.8686,18.8686,13
2023-08-07,18.8639,18.8639,18.8639,18.8639,1
2023-08-04,18.7500,18.9432,18.7500,18.9432,611
2023-08-03,18.5700,18.7148,18.5700,18.7148,1701
2023-08-02,18.6228,18.6228,18.6228,18.6228,4
2023-08-01,18.5356,18.5550,18.5356,18.5550,225
2023-07-31,18.5400,18.6731,18.5400,18.6731,296
2023-07-28,18.6900,18.6900,18.6900,18.6900,100
2023-07-27,18.6621,18.6621,18.6621,18.6621,41
2023-07-26,18.8600,18.8600,18.8600,18.8600,5
2023-07-25,18.8760,18.8760,18.8760,18.8760,5
2023-07-24,18.9650,18.9650,18.9650,18.9650,17
2023-07-21,18.9871,18.9871,18.9871,18.9871,9
2023-07-20,19.0300,19.0300,18.8676,18.8676,318
2023-07-19,19.1000,19.1000,18.9751,18.9751,278
2023-07-18,19.0600,19.0600,19.0600,19.0600,54
2023-07-17,18.9800,18.9800,18.9800,18.9800,2
2023-07-14,19.0400,19.0400,18.8650,18.8650,511
2023-07-13,19.0580,19.0580,19.0580,19.0580,2900
2023-07-12,18.9700,19.1620,18.9600,19.1620,2900
2023-07-11,19.0750,19.0750,19.0750,19.0750,5
2023-07-10,19.0912,19.0912,19.0912,19.0912,2
2023-07-07,19.0600,19.3500,18.9250,19.1761,4002
2023-07-06,18.7050,18.7050,18.7050,18.7050,16
2023-07-05,18.8210,18.9577,18.8210,18.9100,432
2023-07-03,19.0082,19.0082,19.0082,19.0082,9
2023-06-30,19.2150,19.2150,19.2150,19.2150,12
2023-06-29,18.9800,19.1200,18.9800,19.1050,678
2023-06-28,19.1340,19.3300,19.1340,19.2050,848
2023-06-27,19.3025,19.3025,19.2656,19.2656,126
2023-06-26,19.3280,19.3280,19.3280,19.3280,3
2023-06-23,19.2300,19.2300,19.1917,19.1929,415
2023-06-22,19.0838,19.0838,19.0838,19.0838,2
2023-06-21,19.2351,19.2351,19.2351,19.2351,2
2023-06-20,19.2700,19.2700,19.0868,19.0868,529
2023-06-16,19.1005,19.1005,19.0550,19.0550,809
2023-06-15,19.1570,19.1570,19.1570,19.1570,1
2023-06-14,19.0784,19.0784,19.0784,19.0784,1
2023-06-13,18.9000,19.0750,18.9000,19.0750,107
2023-06-12,19.1839,19.1839,19.1839,19.1839,92
2023-06-09,19.2249,19.2249,19.2249,19.2249,50
2023-06-08,19.3500,19.3500,19.3500,19.3500,2
2023-06-07,19.1895,19.1895,19.1895,19.1895,22
2023-06-06,19.3628,19.3628,19.3628,19.3628,37
2023-06-05,19.5200,19.5200,19.3254,19.3254,114
2023-06-02,19.5200,19.5700,19.3600,19.4847,2951
2023-06-01,19.7772,19.7772,19.7772,19.7772,28
2023-05-31,19.6046,19.6046,19.6046,19.6046,332
2023-05-30,19.3300,19.5292,19.3300,19.5292,332
2023-05-26,19.4200,19.4200,19.4200,19.4200,105
2023-05-25,19.5461,19.5461,19.5461,19.5461,8
2023-05-24,19.4779,19.4779,19.4779,19.4779,75
2023-05-23,19.3727,19.3727,19.3727,19.3727,75
2023-05-22,19.4100,19.4100,19.4100,19.4100,113
2023-05-19,19.4624,19.4624,19.4624,19.4624,5
2023-05-18,19.6152,19.6152,19.5003,19.5003,205
2023-05-17,19.6475,19.6475,19.6284,19.6284,550
2023-05-16,19.5850,19.5850,19.5850,19.5850,240
2023-05-15,19.7650,19.7650,19.6200,19.6200,240
2023-05-12,19.8300,19.8300,19.5700,19.5700,250
2023-05-11,19.5600,19.5600,19.5600,19.5600,100
2023-05-10,19.5900,19.5900,19.5900,19.5900,120
2023-05-09,19.6061,19.6061,19.6061,19.6061,112
2023-05-08,19.4500,19.4500,19.4500,19.4500,100
2023-05-05,19.7698,19.7698,19.7698,19.7698,26
2023-05-04,19.7150,19.7150,19.7150,19.7150,10
2023-05-03,19.8099,19.8099,19.8099,19.8099,15
2023-05-02,19.7350,19.7350,19.7350,19.7350,3
2023-05-01,19.4766,19.4766,19.4766,19.4766,2
2023-04-28,19.7227,19.7323,19.7227,19.7323,510
2023-04-27,19.5400,19.6677,19.5300,19.6677,347
2023-04-26,19.8600,19.9086,19.8600,19.9086,340
2023-04-25,19.8703,19.8703,19.8703,19.8703,8
2023-04-24,19.4850,19.6669,19.4850,19.6669,212
2023-04-21,19.4200,19.4200,19.4200,19.4200,108
2023-04-20,19.4400,19.4400,19.4400,19.4400,100
2023-04-19,19.5150,19.5150,19.5150,19.5150,15
2023-04-18,19.5850,19.5850,19.5850,19.5850,42
2023-04-17,19.6151,19.6151,19.6151,19.6151,0
2023-04-14,19.6766,19.6766,19.6766,19.6766,4
2023-04-13,19.7557,19.7557,19.7557,19.7557,2
2023-04-12,19.5901,19.8100,19.5901,19.8100,656
2023-04-11,19.8050,19.8050,19.8050,19.8050,4
2023-04-10,19.8300,19.8300,19.8210,19.8210,173
2023-04-06,19.9650,19.9650,19.9650,19.9650,51
2023-04-05,19.9750,19.9750,19.9750,19.9750,2
2023-04-04,19.9000,19.9250,19.9000,19.9250,155
2023-04-03,19.6801,19.7100,19.6801,19.7100,366
2023-03-31,19.8937,19.8937,19.8937,19.8937,9
2023-03-30,19.8450,19.8450,19.8450,19.8450,3
2023-03-29,19.9050,19.9050,19.9050,19.9050,26
2023-03-28,19.9991,19.9991,19.9991,19.9991,94
2023-03-27,20.0284,20.0284,20.0284,20.0284,5
2023-03-24,20.0000,20.3300,19.9800,20.1424,1055
2023-03-23,20.2300,20.2499,19.9000,19.9500,4299
2023-03-22,20.2150,20.2150,20.2150,20.2150,110
2023-03-21,20.0970,20.0970,20.0970,20.0970,5
2023-03-20,20.2911,20.2911,20.2911,20.2911,38
2023-03-17,20.3218,20.3218,20.3218,20.3218,28
2023-03-16,20.2834,20.2834,20.2834,20.2834,50
2023-03-15,20.1200,20.2593,20.1200,20.2593,302
2023-03-14,20.0750,20.0750,20.0750,20.0750,62
2023-03-13,20.1600,20.2248,20.0400,20.2248,688
2023-03-10,19.9000,19.9000,19.8063,19.8063,205
2023-03-09,19.5650,19.5650,19.5650,19.5650,1
2023-03-08,19.2701,19.4750,19.2701,19.4049,606
2023-03-07,19.3744,19.3744,19.3744,19.3744,96
2023-03-06,19.3750,19.3750,19.3750,19.3750,60
2023-03-03,19.5800,19.5800,19.1800,19.4314,459
2023-03-02,19.3258,19.3258,19.3258,19.3258,29
2023-03-01,19.4570,19.4570,19.4570,19.4570,9
2023-02-28,19.5557,19.5557,19.5557,19.5557,148
2023-02-27,19.3600,19.7500,19.3600,19.5564,1922
2023-02-24,19.4824,19.4824,19.4824,19.4824,6
2023-02-23,19.5500,19.5500,19.5500,19.5500,8
2023-02-22,19.4889,19.4889,19.4889,19.4889,90
2023-02-21,19.3950,19.3950,19.1901,19.3950,221
2023-02-17,19.6000,19.6900,19.4750,19.4750,1104
2023-02-16,19.3819,19.3998,19.3819,19.3998,236
2023-02-15,19.1300,19.2850,19.0550,19.2850,2326
2023-02-14,19.3050,19.3050,19.3050,19.3050,5
2023-02-13,19.3320,19.3320,19.3320,19.3320,4
2023-02-10,19.1900,19.6150,19.1900,19.6150,193
2023-02-09,19.6400,19.6400,19.6400,19.6400,37
2023-02-08,19.6850,19.6850,19.6850,19.6850,15
2023-02-07,19.6500,19.6500,19.6500,19.6500,3
2023-02-06,19.6520,19.6520,19.6520,19.6520,31
2023-02-03,19.5636,19.6800,19.5636,19.6800,189
2023-02-02,19.4500,19.8160,19.4100,19.8160,1657
2023-02-01,20.1600,20.1600,19.7775,19.7775,119
2023-01-31,19.7139,19.7139,19.7139,19.7139,66
2023-01-30,19.3300,19.7100,19.3300,19.7100,390
2023-01-27,19.8400,19.8400,19.8400,19.8400,24
2023-01-26,19.5200,19.5200,19.5200,19.5200,1002
2023-01-25,20.0950,20.0950,20.0950,20.0950,2
2023-01-24,19.9350,19.9350,19.9350,19.9350,7
2023-01-23,19.8797,19.8797,19.8797,19.8797,5
2023-01-20,19.8470,19.8470,19.8470,19.8470,1049
2023-01-19,19.9550,19.9550,19.9550,19.9550,2000
2023-01-18,19.5500,19.9800,19.5300,19.9800,2000
2023-01-17,20.3100,20.3500,19.9050,19.9050,555
2023-01-13,19.9500,19.9500,19.9500,19.9500,5
2023-01-12,19.9513,20.0450,19.5600,20.0450,643
2023-01-11,19.9100,19.9912,19.9100,19.9912,927
2023-01-10,19.9550,19.9550,19.9550,19.9550,3
2023-01-09,20.0200,20.0200,20.0200,20.0200,2
2023-01-06,20.0750,20.0750,20.0750,20.0750,2
2023-01-05,20.0225,20.0225,20.0225,20.0225,18
2023-01-04,20.1150,20.1150,20.0862,20.0862,113
2023-01-03,20.1781,20.1781,20.1781,20.1781,103
2022-12-30,19.7200,20.1270,19.7000,20.1270,1506
2022-12-29,20.2737,20.2737,20.1276,20.1276,541
2022-12-28,20.1500,20.1500,20.1500,20.1500,304
2022-12-27,20.2900,20.2900,19.6800,19.6800,304
2022-12-23,20.3550,20.3550,20.3550,20.3550,13
2022-12-22,20.3648,20.3648,20.3648,20.3648,86
2022-12-21,20.3650,20.3650,20.3650,20.3650,11
2022-12-20,20.3600,20.3600,20.3600,20.3600,3
2022-12-19,20.4150,20.4150,20.4150,20.4150,34
2022-12-16,20.6400,20.6400,20.0500,20.4929,901
2022-12-15,20.3200,20.4950,20.3200,20.4950,224
2022-12-14,20.3475,20.3475,20.3475,20.3475,1
2022-12-13,20.3000,20.3684,20.3000,20.3684,2199
2022-12-12,20.3450,20.3450,20.3450,20.3450,2
2022-12-09,20.3834,20.3834,20.3834,20.3834,52
2022-12-08,20.1900,20.4998,20.1900,20.4998,284
2022-12-07,20.4900,20.5416,20.4900,20.5416,204
2022-12-06,20.2500,20.4900,20.2288,20.2288,202
2022-12-05,19.9600,20.1657,19.9200,20.1657,259
2022-12-02,20.5000,20.5000,20.5000,20.5000,55
2022-12-01,20.3200,20.4082,20.3200,20.4082,174
2022-11-30,19.9500,19.9500,19.9000,19.9500,1373
2022-11-29,20.4252,20.4252,20.4252,20.4252,15
2022-11-28,20.8500,20.8500,20.4300,20.4300,112
2022-11-25,20.4200,20.4200,20.4200,20.4200,1
2022-11-23,20.0800,20.5169,20.0800,20.5169,255
2022-11-22,20.1200,20.5143,20.0900,20.5143,801
2022-11-21,20.5400,20.5400,20.5100,20.5100,809
2022-11-18,20.8800,20.8800,20.0100,20.4500,1542
2022-11-17,20.1200,20.4652,19.9900,20.4652,758
2022-11-16,20.7600,20.7600,20.7600,20.7600,42
2022-11-15,20.5350,20.5350,20.5350,20.5350,16
2022-11-14,20.6100,20.6100,20.4998,20.4998,119
2022-11-11,20.6100,20.6100,20.6100,20.6100,202
2022-11-10,20.6400,21.1650,20.6300,21.1650,2122
2022-11-09,20.5900,20.8942,20.4500,20.8942,2429
2022-11-08,20.4000,20.8400,20.3300,20.6050,3684
2022-11-07,20.9500,20.9600,20.4200,20.8938,2759
2022-11-04,21.1800,21.8100,21.1800,21.3296,3204
2022-11-03,21.4159,21.9400,20.9500,21.4500,3195
2022-11-02,20.9800,21.4200,20.9700,21.4200,739
2022-11-01,21.2900,21.5800,21.2900,21.5800,405
2022-10-31,21.2950,21.6000,21.2950,21.5957,2056
2022-10-28,21.2800,21.6154,21.2400,21.6050,765
2022-10-27,21.6050,21.6050,21.6045,21.6045,183
2022-10-26,22.1800,22.1800,21.1600,21.6500,1808
2022-10-25,21.9200,21.9200,21.4500,21.8989,1266
2022-10-24,22.1000,22.1100,21.2700,21.6450,843
2022-10-21,21.5560,21.7450,21.2500,21.7091,4154
2022-10-20,21.7400,21.8300,21.7400,21.8163,790
2022-10-19,21.3600,21.7450,21.3400,21.7450,411
2022-10-18,21.7900,21.8290,21.2800,21.8290,3939
2022-10-17,22.0800,22.1616,22.0800,22.1616,203
2022-10-14,22.1579,22.1579,22.1579,22.1579,90
2022-10-13,22.7700,22.7700,21.7700,22.2624,3595
2022-10-12,22.4400,22.8200,22.3746,22.3746,2833
2022-10-11,22.4383,22.4383,22.4383,22.4383,147
2022-10-10,22.1000,22.2422,22.1000,22.2422,703
2022-10-07,22.0300,22.2000,22.0300,22.2000,316
2022-10-06,21.8700,22.0300,21.5257,21.5257,549
2022-10-05,21.8500,21.8500,21.4250,21.4484,1160
2022-10-04,21.9900,22.6100,21.4450,22.0707,44304
2022-10-03,22.4300,22.7900,22.3300,22.5513,12711
2022-09-30,22.6300,22.6400,22.3500,22.5100,3860
2022-09-29,22.5500,22.5500,22.3293,22.3293,326
2022-09-28,22.6200,22.6200,22.3300,22.3800,15994
2022-09-27,22.6000,22.6000,21.8200,22.2000,1262
2022-09-26,22.5700,22.6199,22.1440,22.1440,1713
2022-09-23,22.2100,22.2300,22.2099,22.2250,1461
2022-09-22,21.8175,22.1700,21.8175,21.9045,973
2022-09-21,21.6200,22.0200,21.5800,21.9100,2804
2022-09-20,21.6000,21.7300,21.1000,21.4598,1458
2022-09-19,21.9200,22.0900,21.6000,21.6000,2192
2022-09-16,22.0700,22.0900,21.2600,21.6479,2118
2022-09-15,21.7500,21.8818,21.7500,21.8818,368
2022-09-14,21.6600,21.6600,21.6600,21.6600,469
2022-09-13,21.2100,21.2624,20.8400,21.2624,771
2022-09-12,21.4200,21.6900,21.2468,21.2468,383
2022-09-09,21.6230,21.6230,21.6230,21.6230,235
2022-09-08,21.7033,21.7033,21.7033,21.7033,12
2022-09-07,21.7649,21.7649,21.7649,21.7649,8
2022-09-06,21.8700,21.8700,21.6219,21.6219,413
2022-09-02,21.8700,21.9600,21.6000,21.9600,8609
2022-09-01,21.5900,21.7000,21.5900,21.7000,1101
2022-08-31,21.6900,21.7000,21.2700,21.3942,1017
2022-08-30,21.3100,21.6000,21.3100,21.6000,882
2022-08-29,21.7300,21.7300,21.3350,21.3350,764
2022-08-26,21.5100,21.6000,21.5100,21.6000,1802
2022-08-25,21.5499,21.5499,21.2300,21.3850,976
2022-08-24,21.3850,21.3850,21.3850,21.3850,151
2022-08-23,21.3850,21.3850,21.3850,21.3850,52
2022-08-22,21.6229,21.6229,21.5497,21.5497,491
2022-08-19,21.2375,21.4283,21.2375,21.4283,841
2022-08-18,21.2900,21.3000,20.9900,21.2400,915
2022-08-17,21.3003,21.3003,21.3003,21.3003,475
2022-08-16,21.0900,21.3257,21.0900,21.3257,475
2022-08-15,21.5000,21.6400,21.4000,21.4000,1871
2022-08-12,21.1950,21.1950,21.1950,21.1950,199
2022-08-11,21.5500,21.5500,21.4100,21.4100,125
2022-08-10,21.6400,21.6400,21.6099,21.6099,256
2022-08-09,21.8600,21.8600,21.8600,21.8600,5
2022-08-08,21.8603,21.9700,21.5000,21.7400,751
2022-08-05,22.0200,22.0200,21.5902,21.5902,392
2022-08-04,21.5900,21.7448,21.5900,21.7448,506
2022-08-03,21.7350,21.7763,21.7350,21.7763,323
2022-08-02,21.8700,21.8700,21.8700,21.8700,2
2022-08-01,21.4300,21.7449,21.4300,21.7449,277
2022-07-29,21.9200,21.9200,21.4000,21.4000,571
2022-07-28,21.7741,21.7800,21.7741,21.7800,750
2022-07-27,22.1150,22.1150,21.8900,21.9400,27760
2022-07-26,21.9600,21.9857,21.7900,21.9857,7576
2022-07-25,21.7900,21.7900,21.5900,21.7728,850
2022-07-22,21.7050,21.9400,21.4700,21.7505,16290
2022-07-21,21.5600,21.7850,21.5301,21.7850,12297
2022-07-20,21.9300,21.9500,21.4800,21.6400,5692
2022-07-19,22.0282,22.0282,22.0282,22.0282,160
2022-07-18,22.2300,22.4100,21.5000,22.1600,36826
2022-07-15,22.6800,22.6800,22.5619,22.5925,921
2022-07-14,22.4800,22.6400,22.4800,22.5800,13528
2022-07-13,22.3648,22.3648,22.3648,22.3648,36
2022-07-12,22.2900,22.4800,22.2900,22.3193,1056
2022-07-11,22.2000,22.2850,22.1900,22.2850,10590
2022-07-08,22.2500,22.2700,22.0362,22.0362,3751
2022-07-07,22.6600,22.6600,22.0550,22.1800,22847
2022-07-06,22.8421,22.9200,22.6750,22.6900,13445
2022-07-05,22.8000,22.8000,22.5307,22.5307,1878
2022-07-01,22.7500,22.7500,22.3900,22.5335,1845
2022-06-30,22.2300,22.6800,22.1200,22.3487,23629
2022-06-29,22.0000,22.0500,22.0000,22.0500,402
2022-06-28,21.7800,21.9800,21.7800,21.8900,36267
2022-06-27,22.2300,22.2300,21.9100,21.9339,1803
2022-06-24,22.4000,22.4000,22.4000,22.4000,299
2022-06-23,22.3832,22.3832,22.3832,22.3832,161
2022-06-22,22.5200,22.5200,22.1100,22.2700,1272
2022-06-21,22.4400,22.4400,22.1900,22.3500,1527
2022-06-17,22.5999,22.6000,22.4350,22.4350,1610
2022-06-16,22.3201,22.6200,22.3201,22.6200,1368
2022-06-15,22.2500,22.3850,21.8415,21.8415,13982
2022-06-14,22.4016,22.4016,22.4016,22.4016,213
2022-06-13,22.1200,22.3900,22.1200,22.2345,12331
2022-06-10,21.7800,21.9800,21.7500,21.8109,23242
2022-06-09,21.2300,21.4000,21.2200,21.4000,38443
2022-06-08,21.1300,21.1300,21.0000,21.1003,521
2022-06-07,21.0900,21.1348,21.0900,21.1348,151
2022-06-06,21.1200,21.2228,21.0700,21.2228,2777
2022-06-03,21.4100,21.4100,20.8778,20.9573,7885
2022-06-02,21.4499,21.4500,21.1700,21.2416,4211
2022-06-01,21.3600,21.3600,21.3000,21.3000,339
2022-05-31,21.5000,21.5000,21.2700,21.3382,2810
2022-05-27,21.6600,21.7400,21.6500,21.7400,6861
2022-05-26,21.8879,21.8879,21.7601,21.8471,385
2022-05-25,22.0000,22.0300,21.6700,22.0300,672
2022-05-24,22.4300,22.8833,22.1541,22.5750,2025
2022-05-23,22.2400,22.2400,21.6300,21.6300,333
2022-05-20,22.8400,23.4299,22.7241,22.7241,2979
2022-05-19,22.8700,22.8700,22.8350,22.8350,648
2022-05-18,22.8900,22.8900,22.8900,22.8900,264
2022-05-17,22.2500,22.4178,22.1850,22.1850,11256
2022-05-16,23.1000,23.5000,22.9200,23.4850,1750
2022-05-13,23.2500,23.2500,23.0000,23.0250,493
2022-05-12,23.6100,23.8500,23.6100,23.8500,1160
2022-05-11,23.0300,23.5150,20.7500,23.5150,21882
2022-05-10,23.0200,23.0200,21.0801,22.0282,771
2022-05-09,23.0300,23.0300,22.9150,22.9150,717
2022-05-06,22.3300,22.3300,22.3300,22.3300,25
2022-05-05,22.2200,22.2200,22.2200,22.2200,48
2022-05-04,22.0100,22.0100,22.0100,22.0100,41
2022-05-03,22.0100,22.0100,22.0100,22.0100,108
2022-05-02,21.6500,21.6500,20.8100,21.3900,579
2022-04-29,21.4950,21.4950,21.4950,21.4950,53
2022-04-28,21.9700,22.2300,21.5300,22.0650,5738
2022-04-27,22.3300,22.3300,20.9900,22.1900,1304
2022-04-26,22.2400,22.3800,22.2400,22.3300,2048
2022-04-25,22.2400,22.2500,21.6200,21.6200,10828
2022-04-22,21.7400,21.7600,21.1050,21.7600,2090
2022-04-21,21.6487,21.6487,21.6487,21.6487,104
2022-04-20,21.2984,21.2984,21.2984,21.2984,1
2022-04-19,21.4800,21.7400,20.7100,21.2424,1002
2022-04-18,21.4700,21.4700,20.9584,20.9584,360
2022-04-14,21.0800,21.0800,21.0800,21.0800,17
2022-04-13,21.2090,21.2090,21.0800,21.0800,150
2022-04-12,21.5200,21.5200,21.0800,21.0800,102
2022-04-11,21.0800,21.0800,21.0800,21.0800,162
2022-04-08,20.9895,20.9895,20.9895,20.9895,2
2022-04-07,21.2100,21.2100,20.6101,21.0400,1411
2022-04-06,21.2071,21.2071,20.9200,20.9200,449
2022-04-05,21.4847,21.4847,21.4847,21.4847,2
2022-04-04,21.3000,21.5069,21.3000,21.5069,177
2022-04-01,21.9777,21.9777,21.9777,21.9777,1
2022-03-31,21.3600,21.3600,21.3600,21.3600,722
2022-03-30,22.4700,22.4700,21.6500,21.8650,2824
2022-03-29,20.8200,21.7499,20.6850,21.1750,1711
2022-03-28,22.0120,22.0120,22.0120,22.0120,190
2022-03-25,21.5100,21.5100,21.5100,21.5100,183
2022-03-24,21.3600,21.9700,21.3600,21.5743,486
2022-03-23,22.2250,22.2250,22.2250,22.2250,831
2022-03-22,21.6850,21.6850,21.6850,21.6850,485
2022-03-21,21.5000,22.4100,21.4200,21.8144,1908
2022-03-18,21.9900,21.9900,21.6200,21.6500,7046
2022-03-17,22.0500,22.2900,21.9136,21.9136,2983
2022-03-16,22.2000,22.9000,21.9000,21.9000,7565
2022-03-15,23.2700,23.2700,23.1475,23.1475,3094
2022-03-14,23.1400,23.4400,23.1350,23.2686,4280
2022-03-11,22.5700,23.7400,22.5700,23.0766,5133
2022-03-10,22.7800,22.8008,22.7800,22.8008,426
2022-03-09,23.2200,23.2200,22.5506,22.5506,152
2022-03-08,23.5300,23.9520,23.2600,23.4457,2093
2022-03-07,23.1000,23.7500,23.1000,23.5866,3024
2022-03-04,22.7800,22.9600,22.5710,22.5710,677
2022-03-03,22.2400,22.2400,22.2400,22.2400,114
2022-03-02,22.0324,22.0324,22.0324,22.0324,36
2022-03-01,21.8050,22.0900,21.8050,22.0370,1773
2022-02-28,21.2200,21.5461,21.2200,21.5461,1005
2022-02-25,21.6600,21.6600,21.3661,21.3661,187
2022-02-24,22.2000,22.2500,21.2501,21.7731,4502
2022-02-23,21.0900,21.3400,21.0900,21.3400,2532
2022-02-22,21.0400,21.2061,20.9900,21.2061,3824
2022-02-18,20.9001,21.1800,20.6300,20.9030,7872
2022-02-17,20.8467,20.8467,20.8467,20.8467,5
2022-02-16,20.7100,20.9785,20.7100,20.9785,334
2022-02-15,20.7097,20.7097,20.7097,20.7097,35
2022-02-14,20.9700,21.0000,20.8931,20.8931,1772
2022-02-11,20.5500,20.7750,20.5500,20.7750,2797
2022-02-10,20.6340,20.6340,20.6340,20.6340,36
2022-02-09,20.6931,20.6931,20.6931,20.6931,41
2022-02-08,20.7405,20.7405,20.7405,20.7405,6
2022-02-07,21.0000,21.0000,20.9900,21.0000,445
2022-02-04,21.0700,21.0700,21.0100,21.0200,1324
2022-02-03,21.5100,21.5100,21.5100,21.5100,10
2022-02-02,20.9900,21.0296,20.9900,21.0296,326
2022-02-01,21.1800,21.7700,21.1800,21.3100,12274
2022-01-31,21.6800,21.6800,21.3300,21.3300,805
2022-01-28,22.0632,22.0632,22.0632,22.0632,110
2022-01-27,21.8528,21.8528,21.8528,21.8528,1
2022-01-26,20.8500,21.8098,20.5600,21.8098,9911
2022-01-25,21.5000,21.6000,21.1050,21.1050,1860
2022-01-24,22.0000,22.4426,21.6900,22.4426,2710
2022-01-21,21.2200,21.5000,21.2200,21.5000,666
2022-01-20,21.6300,21.6300,21.6300,21.6300,26
2022-01-19,20.7000,21.0250,20.5600,21.0250,740
2022-01-18,20.5600,21.5000,20.5600,21.5000,5011
2022-01-14,20.6700,20.7700,20.6700,20.7700,7014
2022-01-13,20.5501,21.4750,20.5501,21.4750,441
2022-01-12,20.8400,20.8835,20.6300,20.7200,1932
2022-01-11,20.9050,20.9050,20.9050,20.9050,168
2022-01-10,20.8600,21.2093,20.8600,21.0451,1470
2022-01-07,20.9450,20.9450,20.9450,20.9450,1158
2022-01-06,20.8501,21.0400,20.8501,21.0400,884
2022-01-05,21.7800,21.7800,20.8501,21.1100,2488
2022-01-04,21.0800,21.2166,21.0800,21.2166,259
2022-01-03,21.0000,21.1518,21.0000,21.1518,340
2021-12-31,21.7240,21.9690,21.2550,21.2550,2298
2021-12-30,21.4001,21.4100,21.2000,21.2750,2032
2021-12-29,21.5000,21.8700,21.4550,21.4550,654
2021-12-28,21.6600,21.6600,21.5000,21.5650,325
2021-12-27,21.7100,21.7100,21.6698,21.6698,397
2021-12-23,22.0632,22.0632,21.7550,21.7550,278
2021-12-22,22.1000,22.1000,21.7600,21.7600,2103
2021-12-21,21.8485,21.8485,21.8485,21.8485,1
2021-12-20,21.6600,21.9700,21.6600,21.9500,4425
2021-12-17,22.0000,22.4438,21.8100,22.4438,6510
2021-12-16,21.6200,23.7000,21.6200,22.5357,8177
2021-12-15,23.2500,23.2500,23.0584,23.0584,663
2021-12-14,21.6320,23.7900,21.6320,22.2250,760
2021-12-13,23.8500,23.8900,22.0500,22.0500,17521
2021-12-10,22.6750,22.6750,22.6750,22.6750,8
2021-12-09,22.4421,22.4421,22.4421,22.4421,8
2021-12-08,21.6900,21.6900,21.6750,21.6750,673
2021-12-07,23.9000,23.9000,22.7900,22.7900,160
2021-12-06,22.0000,22.2000,21.9650,21.9650,1804
2021-12-03,22.8400,22.8400,22.8400,22.8400,36
2021-12-02,21.6000,22.3000,21.6000,22.3000,380
2021-12-01,21.6800,22.9999,21.6800,22.9999,305
2021-11-30,22.3000,22.3000,22.3000,22.3000,132
2021-11-29,22.5300,22.5750,21.6100,22.5750,3305
2021-11-26,22.9900,22.9900,22.5350,22.5350,8042
2021-11-24,22.0750,22.0750,22.0750,22.0750,3
2021-11-23,22.2750,22.2750,22.2750,22.2750,24
2021-11-22,22.1400,22.1400,22.1400,22.1400,35
2021-11-19,21.6300,22.2250,21.5800,22.2250,309
2021-11-18,21.6300,21.9000,21.6200,21.7450,3352
2021-11-17,21.7300,22.2550,21.7300,22.2550,1331
2021-11-16,21.6600,21.6600,21.6600,21.6600,72
2021-11-15,21.7600,22.0000,21.7400,21.7400,4321
2021-11-12,22.3111,22.3111,22.3111,22.3111,2
2021-11-11,22.1000,22.1000,22.1000,22.1000,19
2021-11-10,22.2250,22.2250,22.2250,22.2250,3
2021-11-09,22.1250,22.1250,22.1250,22.1250,9
2021-11-08,22.1150,22.1150,22.1150,22.1150,128
2021-11-05,21.6200,22.0800,21.5000,22.0800,1004
2021-11-04,22.9999,22.9999,22.0850,22.0850,698
2021-11-03,22.0750,22.0750,22.0750,22.0750,57
2021-11-02,22.2500,22.2500,22.2500,22.2500,20
2021-11-01,22.0750,22.0750,22.0750,22.0750,20
2021-10-29,21.6600,22.2600,21.6600,22.2600,1043
2021-10-28,21.6500,22.1289,21.6500,22.1289,748
2021-10-27,22.1100,22.3800,22.1100,22.2150,3707
2021-10-26,21.7700,22.3450,21.7600,22.3450,3924
2021-10-25,22.1000,22.1000,21.9500,21.9600,2534
2021-10-22,22.2700,22.2700,22.2700,22.2700,7
2021-10-21,22.1974,22.2700,22.1974,22.2700,610
2021-10-20,22.6694,22.6694,22.2000,22.4150,2705
2021-10-19,23.1000,23.1000,22.2600,22.3900,2305
2021-10-18,22.1800,23.0550,22.1800,22.5950,2167
2021-10-15,22.6000,24.0000,22.3800,23.1950,4366
2021-10-14,22.7938,22.9900,22.5600,22.7750,569
2021-10-13,22.6850,22.6876,22.6850,22.6850,330
2021-10-12,23.4958,23.4958,22.9700,23.4550,4152
2021-10-11,22.1400,23.0200,22.1400,23.0200,323
2021-10-08,22.7550,23.5000,22.5000,22.5150,2044
2021-10-07,22.7550,22.7550,22.7550,22.7550,230
2021-10-06,22.8200,23.2500,22.8200,23.2500,230
2021-10-05,22.8150,22.8150,22.8150,22.8150,32
2021-10-04,23.8900,23.9300,21.5800,23.5050,1097
2021-10-01,23.1700,23.8900,23.0000,23.2500,4993
2021-09-30,22.7800,23.1200,21.3500,23.0700,5956
2021-09-29,22.2168,22.2168,22.2168,22.2168,2
2021-09-28,22.8050,22.8050,22.8050,22.8050,56
2021-09-27,22.9300,22.9300,22.9300,22.9300,9
2021-09-24,22.8250,22.8250,22.8250,22.8250,45
2021-09-23,23.1900,23.8100,23.0200,23.4050,840
2021-09-22,23.5000,23.5000,23.5000,23.5000,7
2021-09-21,21.5500,23.6700,21.5500,22.9900,5946
2021-09-20,24.5100,24.7500,22.9800,23.6800,3076
2021-09-17,22.6000,22.6000,22.5250,22.5250,1217
2021-09-16,23.0000,23.7900,22.5300,22.7600,108476
2021-09-15,23.0000,23.0200,22.9500,22.9800,2561
2021-09-14,23.1999,23.1999,22.9550,22.9550,1070
2021-09-13,22.5000,22.9400,22.5000,22.9400,2488
2021-09-10,23.0000,24.8200,22.6900,23.0400,3934
2021-09-09,23.1000,23.5000,23.1000,23.4500,345
2021-09-08,22.8800,22.8800,22.8800,22.8800,202
2021-09-07,23.5000,23.5000,22.9570,23.2950,1836
2021-09-03,24.0000,24.0000,23.5050,23.5050,231
2021-09-02,23.0050,23.0050,23.0050,23.0050,6
2021-09-01,23.7700,23.7700,23.7700,23.7700,23
2021-08-31,23.5190,23.5190,23.5190,23.5190,8
2021-08-30,23.0200,23.0950,22.9472,23.0950,2567
2021-08-27,23.0250,23.0250,23.0250,23.0250,53
2021-08-26,23.2900,23.2900,23.2500,23.2500,202
2021-08-25,23.1500,23.2800,23.1100,23.2050,1607
2021-08-24,24.0000,24.0000,23.2900,23.3450,530
2021-08-23,24.0100,24.0100,23.0100,23.0100,325
2021-08-20,23.8300,24.4700,23.6950,23.6950,3362
2021-08-19,23.7200,23.7200,23.7200,23.7200,133
2021-08-18,23.0101,23.0101,23.0101,23.0101,4
2021-08-17,23.0050,23.0050,23.0050,23.0050,9
2021-08-16,23.0100,23.0100,23.0100,23.0100,64
2021-08-13,23.4000,23.4000,23.0800,23.0800,689
2021-08-12,22.7300,22.8800,22.5100,22.5100,3117
2021-08-11,22.5300,22.7300,22.5300,22.7300,319
2021-08-10,22.9000,22.9000,22.9000,22.9000,26
2021-08-09,23.5000,23.5000,21.2100,22.2500,1388
2021-08-06,23.0200,23.0200,23.0200,23.0200,5
2021-08-05,23.1450,23.1450,23.1450,23.1450,5
2021-08-04,22.5700,23.0500,21.6900,23.0500,29704
2021-08-03,23.2400,23.2400,23.2400,23.2400,55
2021-08-02,21.0701,22.5700,21.0701,22.1900,1276
2021-07-30,24.0000,24.0000,22.8100,22.8100,813
2021-07-29,23.0800,23.5000,23.0800,23.5000,281
2021-07-28,23.3050,23.3050,23.3050,23.3050,17
2021-07-27,23.5000,23.6900,23.5000,23.6600,1926
2021-07-26,23.2600,23.2900,23.2600,23.2900,201
2021-07-23,23.1000,23.2500,22.4631,23.2500,8812
2021-07-22,23.0800,23.0800,23.0800,23.0800,2
2021-07-21,22.2400,22.2400,22.2400,22.2400,4
2021-07-20,22.4600,22.4600,22.4600,22.4600,30
2021-07-19,23.4200,23.4200,23.4200,23.4200,156
2021-07-16,22.5350,23.9900,22.5350,22.7900,400
2021-07-15,22.2750,22.2750,22.2750,22.2750,17
2021-07-14,22.5400,22.5400,22.5400,22.5400,56
2021-07-13,22.5000,22.5450,22.5000,22.5450,305
2021-07-12,22.5400,22.5400,22.5400,22.5400,5
2021-07-09,22.5700,23.0150,22.5700,23.0150,132
2021-07-08,23.3000,23.4000,22.2050,22.2350,3431
2021-07-07,22.3850,22.3850,22.3850,22.3850,129
2021-07-06,22.1850,22.1850,22.1850,22.1850,119
2021-07-02,22.6550,22.6550,22.6550,22.6550,65
2021-07-01,22.3050,22.3050,22.3050,22.3050,7
2021-06-30,22.8500,22.9600,22.8500,22.9600,472
2021-06-29,23.3000,23.3000,22.3160,22.3160,638
2021-06-28,22.3091,22.3091,22.3091,22.3091,62
2021-06-25,22.7000,22.9300,22.5552,22.5552,1842
2021-06-24,22.7020,23.3000,22.4475,22.4475,2336
2021-06-23,22.7700,22.8400,22.7500,22.7700,1844
2021-06-22,22.7700,22.7700,22.4550,22.4550,156
2021-06-21,22.6500,22.6500,22.6500,22.6500,25
2021-06-18,22.2500,22.2500,22.2500,22.2500,2
2021-06-17,22.2800,22.2800,22.2800,22.2800,141
2021-06-16,23.2300,23.2300,22.2600,22.2600,464
2021-06-15,22.7000,22.7700,22.6550,22.6550,798
2021-06-14,22.5150,22.7900,22.5150,22.7900,173
2021-06-11,23.0300,23.0300,23.0300,23.0300,151
2021-06-10,22.7650,22.7650,22.7650,22.7650,36
2021-06-09,22.2250,22.2250,22.2250,22.2250,35
2021-06-08,23.0000,23.0000,22.6660,22.6900,527
2021-06-07,23.1500,23.1500,23.1500,23.1500,8
2021-06-04,23.1500,23.2800,23.0000,23.1500,1374
2021-06-03,22.9000,22.9000,22.9000,22.9000,10
2021-06-02,22.4150,22.4150,22.4150,22.4150,173
2021-06-01,23.3000,23.3000,22.4150,22.4150,283
2021-05-28,23.2840,23.4928,23.2537,23.2537,1017
2021-05-27,22.6225,22.8400,22.3850,22.3850,3162
2021-05-26,22.3700,22.3700,22.3700,22.3700,29
2021-05-25,23.0200,23.2250,23.0200,23.2250,192
2021-05-24,22.5900,22.6300,22.5900,22.6300,976
2021-05-21,22.9900,22.9900,22.9900,22.9900,27
2021-05-20,23.6000,23.7000,23.2400,23.2400,4498
2021-05-19,23.4001,23.5906,23.4000,23.4650,2401
2021-05-18,23.2400,23.4600,23.2400,23.4000,8061
2021-05-17,23.0601,23.6899,23.0001,23.3500,566
2021-05-14,23.5900,23.6650,23.5900,23.6650,440
2021-05-13,23.6500,23.7500,22.9900,22.9900,936
2021-05-12,22.8200,22.8200,22.8200,22.8200,182
2021-05-11,21.9801,23.2600,21.9801,22.8156,577
2021-05-10,23.3300,23.5850,23.1350,23.1350,978
2021-05-07,23.3250,23.3250,23.3250,23.3250,61
2021-05-06,23.4700,23.4700,23.4700,23.4700,17
2021-05-05,23.5800,23.5800,23.2500,23.4400,5545
2021-05-04,22.6262,23.7500,22.0600,22.8800,3845
2021-05-03,23.4535,23.7300,23.3600,23.5550,8237
2021-04-30,23.7000,23.8600,23.1700,23.3950,7017
2021-04-29,23.8700,23.8800,23.5864,23.6550,3388
2021-04-28,23.8900,23.8900,23.7000,23.7000,158
2021-04-27,23.2019,23.7700,23.2019,23.7700,780
2021-04-26,24.0000,24.0000,23.1614,23.8350,642
2021-04-23,23.1850,24.2500,21.9701,23.9850,1671
2021-04-22,23.3144,24.2900,23.3144,24.0850,3712
2021-04-21,21.9711,24.3983,21.9711,23.9050,6869
2021-04-20,24.0600,24.0600,23.2701,23.6050,1356
2021-04-19,24.0600,24.0600,22.0220,23.9100,6624
2021-04-16,22.3400,24.3615,22.0100,24.0600,2520
2021-04-15,23.6400,24.1315,23.3440,24.1315,13171
2021-04-14,21.6300,23.7500,21.6300,23.6350,1583
2021-04-13,23.6700,23.7250,23.6700,23.7250,4527
2021-04-12,22.4200,23.6700,22.4200,23.5700,842
2021-04-09,23.1000,23.6200,23.1000,23.5800,1281
2021-04-08,23.6000,23.9600,23.4906,23.6450,4470
2021-04-07,23.0000,24.1950,23.0000,24.1211,6862
2021-04-06,24.1200,24.1200,24.1200,24.1200,216
2021-04-05,24.0000,24.4730,24.0000,24.0950,3674
2021-04-01,24.6900,24.6900,24.2500,24.4900,779
2021-03-31,24.1850,24.3800,24.0545,24.2800,1056
2021-03-30,25.0000,25.0000,24.5100,24.5100,511
2021-03-29,24.7750,25.0000,24.4000,24.5250,825
2021-03-26,24.3800,24.9600,24.3800,24.9600,1873
2021-03-25,25.0000,25.4200,24.9300,25.0400,2130
2021-03-24,25.0600,25.0600,24.5250,24.5250,9095
2021-03-23,24.4600,25.0600,24.4600,25.0600,14190
2021-03-22,25.0000,25.0000,24.4980,24.5750,15411
2021-03-19,24.7100,25.1750,24.7100,25.1750,736
2021-03-18,23.5900,24.7050,23.5900,24.7050,2856
2021-03-17,24.4000,24.9950,24.0300,24.7500,18058
2021-03-16,24.9400,25.1500,24.0000,24.3500,129326
2021-03-15,25.1662,25.1662,24.8800,25.0998,5268
2021-03-12,25.3067,25.4400,25.2200,25.2200,798
2021-03-11,25.4500,25.4500,25.0300,25.2500,1162
2021-03-10,25.4000,25.4000,25.2500,25.2500,524
2021-03-09,25.2500,25.2500,25.2500,25.2500,232
2021-03-08,25.2100,25.2500,25.1250,25.1250,855
2021-03-05,25.9900,25.9900,25.2500,25.2500,705
2021-03-04,26.0700,26.0700,25.5050,25.5050,690
2021-03-03,26.2000,26.2000,25.7250,25.7250,710
2021-03-02,26.2000,26.2000,25.0700,25.5150,200863
2021-03-01,25.1400,25.8200,25.1400,25.5450,2588
2021-02-26,25.9000,26.0500,25.5000,25.6600,1246
2021-02-25,25.9500,26.2000,25.9000,25.9550,2106
2021-02-24,26.5457,26.6600,25.9000,26.6600,5417
2021-02-23,26.4900,26.6450,26.4900,26.6450,273
2021-02-22,26.5900,26.5900,26.5900,26.5900,512
2021-02-19,27.5000,27.5000,26.7100,26.7100,600
2021-02-18,26.7000,26.7000,26.7000,26.7000,72
2021-02-17,27.0000,27.0000,26.2700,26.8000,450
2021-02-16,27.5400,27.5400,26.2100,26.7500,1499
2021-02-12,27.4300,27.7090,25.8900,26.7550,809
2021-02-11,26.4200,26.4200,26.3750,26.3750,342
2021-02-10,26.1100,27.0370,25.7100,26.8054,2633
2021-02-09,26.0000,26.5000,26.0000,26.5000,1086
2021-02-08,25.8100,26.1900,25.8100,26.1900,344
2021-02-05,26.5600,26.5600,26.5600,26.5600,28
2021-02-04,26.6000,26.6000,26.5250,26.5250,590
2021-02-03,26.6050,26.6050,26.6050,26.6050,418
2021-02-02,26.3800,26.3800,25.7700,26.1150,2159
2021-02-01,26.1200,26.1200,25.5600,26.0650,1152
2021-01-29,25.8999,26.5000,25.7500,26.0750,729
2021-01-28,25.7800,25.8850,25.7800,25.8850,222
2021-01-27,25.7100,25.9750,25.7100,25.9750,427
2021-01-26,25.5750,25.8000,25.5750,25.8000,274
2021-01-25,25.7800,25.8300,25.5900,25.8300,5506
2021-01-22,25.7500,25.8261,25.7500,25.8261,885
2021-01-21,25.9950,25.9950,25.9950,25.9950,120
2021-01-20,25.7600,26.1600,25.7600,26.0850,949
2021-01-19,25.9600,25.9600,25.9600,25.9600,307
2021-01-15,25.7700,25.9750,25.7700,25.9750,119
2021-01-14,25.8500,25.9750,25.8500,25.9750,516
2021-01-13,25.8500,26.0100,25.8500,25.9750,509
2021-01-12,25.7500,26.5200,25.7500,26.4000,962
2021-01-11,27.4300,27.4300,26.3150,26.3150,999
2021-01-08,27.1500,27.3500,26.5448,26.5448,855
2021-01-07,26.6100,26.7800,26.6100,26.7800,323
2021-01-06,25.8200,27.5000,25.8100,26.6600,1565
2021-01-05,25.7500,27.7500,25.7500,26.7200,151353
2021-01-04,26.7300,26.7300,26.7300,26.7300,243
2020-12-31,25.5000,27.1100,25.5000,26.5100,1173
2020-12-30,25.5000,26.3300,25.5000,26.3300,172
2020-12-29,25.9200,26.1700,25.9200,26.1700,1597
2020-12-28,27.2300,27.2300,25.6600,25.9292,5386
2020-12-24,26.6700,26.6700,26.6700,26.6700,97
2020-12-23,26.6350,26.6350,26.6350,26.6350,109
2020-12-22,25.8100,26.6900,25.8100,26.6900,12912
2020-12-21,25.8700,26.1200,25.8699,26.1200,322
2020-12-18,26.8650,26.8650,26.8650,26.8650,104
2020-12-17,26.5150,26.5150,26.5150,26.5150,95
2020-12-16,26.6550,26.6550,26.6550,26.6550,83
2020-12-15,25.8000,26.1659,25.8000,26.1150,1437
2020-12-14,27.3000,27.4200,26.6100,26.6100,289
2020-12-11,25.7900,26.1900,25.7900,26.1900,851
2020-12-10,26.3324,26.3324,26.3324,26.3324,47
2020-12-09,26.3400,26.3400,26.3400,26.3400,34
2020-12-08,25.7900,26.2100,25.7900,26.2000,1727
2020-12-07,27.0600,27.0600,26.0793,26.0793,334
2020-12-04,26.6200,26.7308,25.7900,25.7900,921
2020-12-03,25.8700,26.2500,25.7500,26.0000,2076
2020-12-02,26.2250,26.2500,26.0600,26.0600,5860
2020-12-01,25.8500,26.0000,25.6000,25.9350,7720
2020-11-30,25.8300,26.1000,25.8300,25.8300,496
2020-11-27,26.0000,26.0000,25.5000,25.5000,437
2020-11-25,26.0000,26.0000,25.2902,25.2902,18394
2020-11-24,25.5900,25.5900,25.0000,25.3000,979
2020-11-23,25.3500,25.5000,25.3500,25.5000,264
2020-11-20,24.4000,25.9200,24.4000,25.1550,454
2020-11-19,25.3999,25.4500,25.3999,25.4500,1720
2020-11-18,25.6800,25.6800,25.3672,25.3672,2282
2020-11-17,25.5490,25.5490,25.3750,25.3750,892
2020-11-16,25.3300,25.3500,25.3300,25.3500,771
2020-11-13,25.4500,25.4500,25.3000,25.3000,222
2020-11-12,25.2000,25.2000,25.2000,25.2000,7
2020-11-11,25.2000,25.3066,24.9200,25.0500,1852
2020-11-10,25.5700,25.5700,25.3750,25.3750,269
2020-11-09,25.2800,25.3000,25.2800,25.3000,220
2020-11-06,25.2000,25.2750,25.2000,25.2750,3763
2020-11-05,25.0000,25.2500,24.7600,25.0000,678
2020-11-04,24.7500,25.2400,24.7500,25.0700,11620
2020-11-03,24.4500,24.5500,24.4500,24.5500,510
2020-11-02,24.5500,24.5500,24.5500,24.5500,67
2020-10-30,24.4000,24.4500,24.4000,24.4500,184
2020-10-29,24.8000,24.8000,24.8000,24.8000,9
2020-10-28,24.8500,24.8500,24.2000,24.4015,1894
2020-10-27,24.8750,24.8750,24.8750,24.8750,152
2020-10-26,24.7500,25.0000,24.7500,24.8750,306
2020-10-23,24.7200,24.8000,24.7200,24.8000,2030
2020-10-22,24.9000,24.9000,24.7500,24.7500,1390
2020-10-21,24.8000,24.8000,24.8000,24.8000,7
2020-10-20,24.8000,24.8000,24.8000,24.8000,12
2020-10-19,24.6500,24.6500,24.6500,24.6500,27
2020-10-16,25.8200,25.9700,25.0150,25.0150,449
2020-10-15,24.8500,24.8500,24.8500,24.8500,7
2020-10-14,25.0100,25.0100,25.0100,25.0100,54
2020-10-13,24.7500,24.9900,24.7500,24.7750,435
2020-10-12,24.6000,24.7600,24.6000,24.7600,7277
2020-10-09,24.7000,24.7000,24.7000,24.7000,24
2020-10-08,24.3300,24.3300,24.3300,24.3300,19
2020-10-07,24.7400,24.7490,24.5750,24.5750,1074
2020-10-06,24.6000,24.6000,24.6000,24.6000,115
2020-10-05,24.4100,24.5750,24.4100,24.5750,11643
2020-10-02,24.3150,24.3150,24.3150,24.3150,232
2020-10-01,24.7200,24.7200,24.6400,24.6400,291
2020-09-30,24.4600,24.5500,24.4500,24.5500,2421
2020-09-29,24.5250,24.5250,24.5250,24.5250,204
2020-09-28,24.5750,24.5750,24.5750,24.5750,168
2020-09-25,23.9800,24.8450,23.9800,24.6250,450
2020-09-24,24.9000,24.9000,24.7000,24.9000,350
2020-09-23,23.9600,24.5950,23.9500,24.5950,1082
2020-09-22,25.0000,25.0750,25.0000,25.0750,741
2020-09-21,25.1000,25.1000,25.1000,25.1000,16
2020-09-18,25.1250,25.1250,25.1250,25.1250,91
2020-09-17,25.0000,25.1250,25.0000,25.1250,157
2020-09-16,25.0000,25.1500,25.0000,25.1000,10645
2020-09-15,25.1300,25.1300,25.1250,25.1250,796
2020-09-14,24.5750,24.5750,24.5750,24.5750,25
2020-09-11,24.6950,24.6950,24.6950,24.6950,127
2020-09-10,24.9250,24.9250,24.9250,24.9250,30
2020-09-09,25.0500,25.0500,24.8500,24.9500,710
2020-09-08,24.5750,24.5750,24.5750,24.5750,75
2020-09-04,25.0300,25.0300,25.0300,25.0300,43
2020-09-03,25.0400,25.0400,25.0400,25.0400,62
2020-09-02,24.5200,24.5200,24.5200,24.5200,98
2020-09-01,24.8499,25.0800,24.7500,24.9150,18003
2020-08-31,24.8000,24.8000,24.8000,24.8000,232
2020-08-28,24.7900,24.7900,24.7900,24.7900,224
2020-08-27,23.9000,24.4050,23.7200,24.4050,1233
2020-08-26,24.8250,24.8250,24.8250,24.8250,6
2020-08-25,24.8250,24.8250,24.8250,24.8250,17
2020-08-24,24.9000,24.9000,24.9000,24.9000,24
2020-08-21,24.6250,24.6250,24.6250,24.6250,34
2020-08-20,24.6250,24.6250,24.6250,24.6250,10
2020-08-19,24.6000,24.6000,24.6000,24.6000,204
2020-08-18,24.3883,24.6500,24.3883,24.6500,403
2020-08-17,24.4400,24.4462,24.4400,24.4462,736
2020-08-14,24.6000,24.7500,24.6000,24.7500,411
2020-08-13,24.7500,24.9400,24.7500,24.8500,755
2020-08-12,24.7000,24.8750,24.7000,24.8250,1214
2020-08-11,24.8000,24.9000,24.8000,24.9000,239
2020-08-10,24.8000,24.9000,24.8000,24.9000,671
2020-08-07,24.6250,24.6250,24.6250,24.6250,111
2020-08-06,25.1250,25.1250,25.1250,25.1250,22
2020-08-05,25.0000,25.1503,25.0000,25.1250,1052
2020-08-04,25.0000,25.2900,25.0000,25.2000,743
2020-08-03,24.7800,25.4400,24.7800,25.3750,887
2020-07-31,25.3000,25.3000,25.3000,25.3000,1
2020-07-30,25.3500,25.3500,25.1500,25.2500,556
2020-07-29,24.8150,24.8150,24.8150,24.8150,43
2020-07-28,25.0000,25.0000,25.0000,25.0000,1472
2020-07-27,25.3000,25.3000,25.0000,25.2750,1472
2020-07-24,24.4559,25.3100,24.0000,25.1100,768
2020-07-23,24.9000,25.3800,24.8700,25.3250,15438
2020-07-22,24.2750,24.2750,24.2750,24.2750,4
2020-07-21,24.9500,24.9500,24.7100,24.7100,800
2020-07-20,24.2900,24.2900,24.2900,24.2900,86
2020-07-17,24.8500,24.8500,24.8500,24.8500,48
2020-07-16,24.9500,24.9500,24.9500,24.9500,66
2020-07-15,24.2620,25.0000,24.2620,25.0000,532
2020-07-14,24.3400,24.3400,24.3400,24.3400,76
2020-07-13,25.0000,25.0000,24.7300,24.7300,300
2020-07-10,24.0070,24.9600,24.0070,24.4300,332
2020-07-09,24.6500,24.7000,24.6500,24.7000,232
2020-07-08,24.5500,25.0000,24.5500,24.6500,1400
2020-07-07,24.5000,24.5000,24.5000,24.5000,10
2020-07-06,24.5000,24.5000,24.3490,24.3490,300
2020-07-02,25.0000,25.0000,24.7000,24.7000,419
2020-07-01,24.5600,24.7000,24.5600,24.7000,200
2020-06-30,24.6500,24.6500,24.6500,24.6500,242
2020-06-29,24.9800,24.9800,24.2350,24.2350,1013
2020-06-26,24.2600,24.2600,24.2600,24.2600,0
2020-06-25,24.4500,24.4500,24.4500,24.4500,55
2020-06-24,25.1500,25.1500,23.8000,24.6000,1151
2020-06-23,24.5000,24.7500,24.5000,24.7500,200
2020-06-22,24.2400,24.2400,24.2400,24.2400,195
2020-06-19,24.9800,24.9800,24.9800,24.9800,24
2020-06-18,23.8110,24.5650,23.8110,24.5650,300
2020-06-17,24.8500,24.8500,24.8500,24.8500,19
2020-06-16,24.5450,24.5450,24.5450,24.5450,92
2020-06-15,25.3300,25.3520,24.9000,24.9000,788
2020-06-12,25.1750,25.1750,25.1750,25.1750,1
2020-06-11,25.2000,25.2000,25.2000,25.2000,39
2020-06-10,24.0400,25.3600,23.9200,25.3600,827
2020-06-09,24.8900,25.0500,24.8900,25.0500,476
2020-06-08,24.3800,24.9750,23.9200,24.9750,2545
2020-06-05,24.5700,24.7860,24.1700,24.7860,2500
2020-06-04,25.0000,25.2000,25.0000,25.2000,700
2020-06-03,24.3400,24.7500,24.3400,24.7500,1730
2020-06-02,24.2400,24.2400,24.2400,24.2400,488
2020-06-01,24.2500,24.2500,24.0000,24.2400,1754
2020-05-29,23.4100,24.2500,23.4100,24.0850,1041
2020-05-28,23.8500,23.8500,23.8500,23.8500,439
2020-05-27,24.1150,24.1150,24.1150,24.1150,732
2020-05-26,24.2500,24.2500,24.0000,24.1150,1620
2020-05-22,24.2250,24.2250,24.2250,24.2250,17
2020-05-21,23.7500,24.1250,23.7500,24.1250,292
2020-05-20,25.1500,25.1500,23.5720,23.5720,1180
2020-05-19,23.7000,23.7000,23.7000,23.7000,9
2020-05-18,23.5750,23.5750,23.5750,23.5750,138
2020-05-15,23.2500,23.6250,23.2500,23.6250,313
2020-05-14,23.5000,24.0000,23.0900,23.5000,5388
2020-05-13,22.5700,23.6500,22.5700,23.6250,2612
2020-05-12,23.1400,23.1400,23.1400,23.1400,358
2020-05-11,23.5000,23.8500,22.7100,23.2850,7542
2020-05-08,23.8980,23.8980,22.9650,23.4250,3196
2020-05-07,23.5420,23.5420,23.5420,23.5420,95
2020-05-06,23.8250,23.8250,23.3000,23.3000,1300
2020-05-05,23.6900,23.6900,23.4000,23.5500,1400
2020-05-04,23.5700,23.8000,23.0500,23.3530,1762
2020-05-01,22.7800,22.7800,22.7800,22.7800,10
2020-04-30,23.6500,23.6500,21.9100,22.7800,5124
2020-04-29,23.0000,23.4790,22.8650,22.9810,4100
2020-04-28,22.5010,22.7500,22.5000,22.7500,1100
2020-04-27,22.0000,22.7000,21.7300,22.2500,1900
2020-04-24,23.0000,23.0000,22.6820,22.8160,998
2020-04-23,22.8500,22.8500,22.8500,22.8500,120
2020-04-22,22.9500,22.9500,22.9500,22.9500,8
2020-04-21,22.7500,22.9500,22.7500,22.9500,900
2020-04-20,23.4000,23.4000,22.8000,23.1000,1410
2020-04-17,23.0100,23.4500,23.0000,23.2250,2338
2020-04-16,23.0000,23.3470,23.0000,23.1750,2600
2020-04-15,22.7500,22.7500,22.7500,22.7500,172
2020-04-14,23.0000,23.1610,22.1800,22.7500,4500
2020-04-13,21.7800,25.4000,21.7800,23.3700,7316
2020-04-09,22.5000,22.5000,21.0120,22.5000,3167
2020-04-08,22.4800,22.5000,21.6700,21.6700,750
2020-04-07,22.4350,22.4350,21.0000,21.8050,2300
2020-04-06,21.3000,22.5000,21.2500,21.9400,3140
2020-04-03,21.4330,21.8850,21.4330,21.8450,772
2020-04-02,21.7000,21.8500,20.6100,21.3250,2000
2020-04-01,20.8000,21.8050,20.8000,21.8050,300
2020-03-31,21.9300,22.8000,20.6800,22.8000,5627
2020-03-30,20.8800,21.9300,20.4900,21.9300,1900
2020-03-27,22.2650,22.4470,21.0150,22.4470,1500
2020-03-26,22.5200,23.5000,21.6200,22.5000,12500
2020-03-25,20.1800,21.0000,20.0100,20.5050,12600
2020-03-24,20.5580,20.6500,19.6500,19.6500,22042
2020-03-23,19.8800,21.0400,19.2700,20.6260,6564
2020-03-20,21.6600,21.6600,20.2420,20.3400,2700
2020-03-19,19.9100,20.6980,19.5100,19.6900,7653
2020-03-18,20.0800,21.0000,18.0100,19.9700,29200
2020-03-17,22.2930,22.2930,20.2800,21.6450,18517
2020-03-16,22.5500,23.5000,21.4400,21.5530,9059
2020-03-13,25.8530,25.8530,22.3600,22.3700,48900
2020-03-12,24.2200,27.0000,23.8500,24.8050,9348
2020-03-11,28.0000,28.0000,24.1500,25.4600,12341
2020-03-10,24.6700,26.3400,24.6700,26.3400,19993
2020-03-09,24.5490,24.8900,24.5090,24.8900,16060
2020-03-06,25.3400,25.3600,24.5550,24.6600,13749
2020-03-05,25.2100,25.2100,25.0400,25.0450,17877
2020-03-04,25.2400,25.2900,25.0810,25.1750,205700
2020-03-03,25.1600,25.1600,24.5700,24.8600,4714
2020-03-02,24.3600,24.6500,24.3600,24.4960,5575
2020-02-28,24.3500,24.5500,24.3500,24.4650,11500
2020-02-27,24.7600,24.9200,24.6700,24.7950,17045
2020-02-26,24.7700,24.8500,24.7000,24.7900,21300
2020-02-25,25.1300,25.1300,24.9700,24.9850,7035
2020-02-24,24.7600,25.1600,24.7600,24.9840,10749
2020-02-21,24.9370,25.0300,24.9000,25.0300,7400
2020-02-20,25.0800,25.0800,25.0800,25.0800,12
2020-02-19,25.1550,25.1550,25.1550,25.1550,176
2020-02-18,25.1600,25.1600,25.1500,25.1550,2274
2020-02-14,24.9900,25.1150,24.9900,25.1150,5400
2020-02-13,24.9800,25.1470,24.9800,25.1150,6902
2020-02-12,25.0100,25.1630,25.0100,25.1200,7367
2020-02-11,25.0500,25.1400,24.9900,25.1400,7667
2020-02-10,25.2100,25.2600,25.0200,25.0780,11200
2020-02-07,25.2100,25.2480,25.0800,25.2200,7400
2020-02-06,25.3500,25.4100,25.2230,25.2900,10405
2020-02-04,25.3500,25.3500,25.3460,25.3460,4600
2020-02-03,25.2800,25.3300,25.2100,25.3300,6253
2020-01-31,25.2700,25.3000,25.2450,25.2450,9322
2020-01-30,25.2626,25.3050,25.2494,25.2675,6868
2020-01-29,25.3100,25.3100,25.2200,25.2630,985
2020-01-28,25.2800,25.3070,25.2390,25.2390,3500
2020-01-27,25.3300,25.3300,25.2470,25.2470,8167
2020-01-24,25.2700,25.2700,25.2500,25.2530,600
2020-01-23,25.2740,25.2740,25.2740,25.2740,46
2020-01-22,25.3300,25.3300,25.2650,25.2650,2800
2020-01-21,25.1480,25.1480,25.0500,25.1250,600
2020-01-17,25.3600,25.3730,25.0710,25.1450,8205
2020-01-16,25.3300,25.3900,25.1000,25.3580,5080
2020-01-15,25.4540,25.4540,25.4350,25.4350,1100
2020-01-14,25.3950,25.4350,25.3700,25.4350,5300
2020-01-13,25.2600,25.3450,25.2470,25.2470,7667
2020-01-10,25.0900,25.3500,25.0900,25.3350,7415
2020-01-09,25.3600,25.4500,25.1270,25.1270,9163
2020-01-08,25.0000,25.4000,25.0000,25.3550,24467
2020-01-07,24.9250,24.9900,24.8950,24.9900,2100
2020-01-06,25.0100,25.1500,25.0100,25.0350,11391
2020-01-03,25.2580,25.2580,25.1350,25.1350,3775
2020-01-02,25.0600,25.1800,25.0600,25.1800,4900
2019-12-31,25.0300,25.2500,25.0300,25.1600,3434
2019-12-30,25.2700,25.2700,25.2200,25.2200,861
2019-12-27,25.2800,25.2800,25.2450,25.2450,400
2019-12-26,25.6000,25.6600,25.2820,25.2820,8900
2019-12-24,25.6900,25.6900,25.6900,25.6900,163
2019-12-23,25.7100,25.7100,25.6600,25.6600,200
2019-12-20,25.6520,25.6520,25.6250,25.6300,2400
2019-12-19,25.6690,25.7200,25.6000,25.6700,16546
2019-12-18,25.6790,25.6790,25.6650,25.6650,100
2019-12-17,25.6800,25.6850,25.6800,25.6850,500
2019-12-16,25.7400,25.7700,25.7100,25.7150,4034
2019-12-13,25.4600,25.4750,25.4600,25.4750,500
2019-12-12,25.4100,25.4500,25.4100,25.4150,1000
2019-12-11,25.2000,25.3650,25.1700,25.3650,7310
2019-12-10,25.1700,25.1950,25.1700,25.1950,574
2019-12-09,25.1400,25.1850,25.1240,25.1850,1400
2019-12-06,25.1000,25.1400,25.1000,25.1000,500
2019-12-05,25.0910,25.1300,25.0900,25.0950,2300
2019-12-04,24.8400,25.0850,24.8400,25.0850,302984
2019-12-03,25.0800,25.0900,25.0500,25.0900,1200
2019-12-02,25.1110,25.1110,25.0620,25.0850,500
2019-11-29,25.0800,25.0800,25.0800,25.0800,122
2019-11-27,24.9860,25.0350,24.9860,25.0350,1361
2019-11-26,25.0000,25.0000,24.9900,24.9900,300
2019-11-25,24.9900,25.0300,24.9900,25.0100,1065
2019-11-22,25.1250,25.1250,25.1250,25.1250,282
2019-11-21,25.1190,25.1600,25.1190,25.1200,1000
2019-11-20,25.1500,25.1500,25.1150,25.1150,100
2019-11-19,25.1000,25.1100,25.0800,25.1100,400
2019-11-18,24.9900,25.0680,24.9900,25.0550,1000
2019-11-15,25.0200,25.1100,25.0200,25.0550,1800
2019-11-14,25.0100,25.0210,24.9300,24.9850,1300
2019-11-13,24.9750,24.9750,24.9750,24.9750,114
2019-11-12,25.0640,25.0670,25.0250,25.0250,675
2019-11-11,25.0500,25.0500,25.0300,25.0500,900
2019-11-08,25.2100,25.2100,25.0650,25.0650,909
2019-11-07,25.2300,25.2300,25.1750,25.1750,691
2019-11-06,25.2680,25.2680,25.2200,25.2300,2000
2019-11-05,25.3560,25.3570,25.2850,25.2850,957
2019-11-04,25.2960,25.3500,25.2960,25.3250,1000
2019-11-01,25.2800,25.3100,25.2800,25.2850,1600
2019-10-31,25.2400,25.2450,25.2400,25.2450,700
2019-10-30,25.1500,25.2700,25.1500,25.2100,241
2019-10-29,25.2350,25.2350,25.2350,25.2350,27279
2019-10-28,25.2760,25.2760,25.2600,25.2600,200
2019-10-25,25.2500,25.3100,25.2500,25.2850,4555
2019-10-24,25.3300,25.3300,25.2750,25.2750,507
2019-10-23,25.3500,25.3500,25.2950,25.2950,269
2019-10-22,25.3200,25.3200,25.3200,25.3200,15
2019-10-21,25.4500,25.4730,25.3450,25.3450,1384
2019-10-18,25.1300,25.1900,25.1300,25.1350,2500
2019-10-17,25.0400,25.1300,25.0400,25.1000,1800
2019-10-16,25.0390,25.0390,25.0050,25.0050,300
2019-10-15,25.0760,25.0760,25.0600,25.0600,500
2019-10-14,25.1400,25.1400,25.0850,25.0850,700
2019-10-11,25.0700,25.1100,25.0700,25.1100,1400
2019-10-10,25.0300,25.0900,25.0300,25.0400,1330
2019-10-09,25.0860,25.0860,25.0550,25.0550,300
2019-10-08,25.1700,25.1770,25.0890,25.1150,2800
2019-10-07,25.1480,25.1650,25.1480,25.1650,800
2019-10-04,25.1100,25.1550,25.1100,25.1550,1300
2019-10-03,25.0400,25.1000,25.0400,25.0760,1600
2019-10-02,24.9790,25.0050,24.9790,25.0050,300
2019-10-01,24.9910,25.0300,24.9910,25.0300,350
2019-09-30,25.1080,25.1080,25.0550,25.0550,600
2019-09-27,25.0800,25.0800,25.0800,25.0800,125
2019-09-26,25.1300,25.1300,25.1050,25.1050,200
2019-09-25,25.2190,25.2190,25.2190,25.2190,32
2019-09-24,25.2300,25.2600,25.1500,25.2050,774
2019-09-23,25.2040,25.2040,25.2000,25.2000,500
2019-09-20,25.2700,25.2700,25.2250,25.2250,810
2019-09-19,25.2600,25.2600,25.2600,25.2600,8
2019-09-18,25.2700,25.3100,25.2440,25.2850,2600
2019-09-17,25.2350,25.2350,25.2350,25.2350,177
2019-09-16,25.2750,25.2750,25.2750,25.2750,82
2019-09-13,25.2950,25.2950,25.2950,25.2950,9
2019-09-12,25.3700,25.3700,25.3280,25.3450,711
2019-09-11,25.4000,25.4000,25.3400,25.3400,302
2019-09-10,25.3600,25.3900,25.3600,25.3650,600
2019-09-09,25.3250,25.3250,25.3250,25.3250,146
2019-09-06,25.3000,25.3530,25.3000,25.3500,2032
2019-09-05,25.2700,25.2700,25.1980,25.2450,916
2019-09-04,25.0500,25.2600,25.0500,25.2400,5000
2019-09-03,25.1300,25.1300,25.0000,25.0150,3900
2019-08-30,25.1700,25.1700,25.1300,25.1300,766
2019-08-29,25.1800,25.1800,25.1550,25.1550,234
2019-08-28,25.2020,25.2400,25.2020,25.2400,284
2019-08-27,25.2650,25.2650,25.2650,25.2650,31
2019-08-26,25.2700,25.2700,25.2700,25.2700,14
2019-08-23,25.5500,25.5500,25.2800,25.2800,928
2019-08-22,25.4600,25.4600,25.4100,25.4100,1084
2019-08-21,25.4550,25.5440,25.4550,25.4550,965
2019-08-20,25.4600,25.4600,25.4000,25.4000,2301
2019-08-19,25.4500,25.4500,25.3700,25.4250,670
2019-08-16,25.4900,25.4900,25.4900,25.4900,27
2019-08-15,25.4350,25.4350,25.4350,25.4350,8
2019-08-14,25.4200,25.4200,25.3800,25.3800,936
2019-08-13,25.5300,25.5550,25.5000,25.5550,758
2019-08-12,25.6900,25.7200,25.4800,25.5750,3908
2019-08-09,26.0030,26.0030,25.9500,25.9500,831
2019-08-08,25.8750,25.8750,25.8750,25.8750,36
2019-08-07,25.4700,25.9090,25.4700,25.7550,3271
2019-08-06,25.6500,25.8000,25.6500,25.7250,3590
2019-08-05,26.0000,26.0000,25.8500,25.8500,1239
2019-08-02,26.0650,26.0650,26.0100,26.0300,1042
2019-08-01,26.0650,26.0650,26.0650,26.0650,127
2019-07-31,26.1700,26.1700,26.0800,26.0800,2882
2019-07-30,26.2400,26.2400,26.0800,26.1200,5574
2019-07-29,26.2300,26.2300,26.0370,26.1350,1878
2019-07-26,26.2420,26.2420,26.2300,26.2300,1909
2019-07-25,26.1800,26.1800,26.1800,26.1800,93
2019-07-24,26.1300,26.1300,26.0800,26.1300,778
2019-07-23,26.1400,26.1900,26.1400,26.1900,779
2019-07-22,26.3550,26.3550,26.3550,26.3550,150
2019-07-19,26.4400,26.4400,26.4400,26.4400,16
2019-07-18,26.3300,26.4700,26.3000,26.4000,2080
2019-07-17,26.5000,26.5830,26.2300,26.4000,2081
2019-07-16,26.2800,26.2800,26.2800,26.2800,103
2019-07-15,26.0400,26.2450,26.0400,26.2300,966
2019-07-12,26.0100,26.0900,25.9500,26.0900,356
2019-07-11,26.0150,26.0150,26.0150,26.0150,162
2019-07-10,25.8070,25.9300,25.8070,25.9050,1057
2019-07-09,25.5200,26.0540,25.4300,25.8000,5389
2019-07-08,26.7500,26.7500,25.8600,25.9850,2964
2019-07-05,26.1500,26.1600,26.0380,26.1100,1415
2019-07-03,26.1900,26.1900,26.1500,26.1500,300285
2019-07-02,26.1740,26.1740,26.1000,26.1000,196
2019-07-01,26.0500,26.0500,26.0500,26.0500,157
2019-06-28,25.9210,26.0200,25.9210,26.0200,691
2019-06-27,26.0000,26.0530,26.0000,26.0200,719
2019-06-26,26.1000,26.1000,25.9710,25.9900,699
2019-06-25,26.0600,26.0600,25.9600,25.9600,162
2019-06-24,25.9000,25.9300,25.9000,25.9300,205
2019-06-21,25.9200,25.9200,25.8800,25.8800,849
2019-06-20,26.0000,26.2500,25.9450,25.9450,4844
2019-06-19,25.7900,25.7900,25.7900,25.7900,88
2019-06-18,25.7900,25.7900,25.5900,25.7650,6451
2019-06-17,25.6600,25.6600,25.6600,25.6600,511
2019-06-14,25.6400,25.7000,25.5900,25.6300,2045
2019-06-13,25.6260,25.6260,25.6100,25.6100,274
2019-06-12,25.5360,25.5500,25.5010,25.5500,1629
2019-06-11,25.3500,25.4700,24.9100,25.4700,6397
2019-06-10,25.4200,25.5000,25.4200,25.5000,435
2019-06-07,25.3700,25.4400,25.3000,25.4400,3478
2019-06-06,25.2400,25.3510,25.2400,25.3450,410
2019-06-05,25.2450,25.2450,25.2100,25.2100,386
2019-06-04,25.3000,25.3000,25.2000,25.2000,152
2019-06-03,25.0700,25.0700,25.0700,25.0700,88
2019-05-31,24.7700,24.9400,24.7700,24.9400,1574
2019-05-30,24.7050,24.7600,24.6100,24.7150,11482
2019-05-29,24.6900,24.7120,24.6600,24.7000,990
2019-05-28,24.6870,24.7300,24.6820,24.7300,729
2019-05-24,24.7250,24.7250,24.7250,24.7250,117
2019-05-23,24.7320,24.7320,24.7200,24.7200,343
2019-05-22,24.7150,24.7150,24.7150,24.7150,46
2019-05-21,24.7520,24.7520,24.6750,24.7100,1944
2019-05-20,24.7400,24.7400,24.6000,24.7050,3455
2019-05-17,24.6400,24.6400,24.6400,24.6400,36
2019-05-16,24.8000,24.8000,24.7350,24.7350,3972
2019-05-15,24.7000,24.7000,24.7000,24.7000,231
2019-05-14,24.7550,24.7550,24.7550,24.7550,11
2019-05-13,24.7300,24.7300,24.7300,24.7300,155
2019-05-10,24.7750,24.7750,24.7750,24.7750,61
2019-05-09,24.9830,25.0000,24.7850,24.7850,1205
2019-05-08,24.7000,24.7750,24.5900,24.7750,2499
2019-05-07,24.6560,24.9720,24.6560,24.8100,1068
2019-05-06,24.7260,25.1600,24.6800,24.9250,2639
2019-05-03,24.9910,24.9910,24.8950,24.8950,186
2019-05-02,24.9200,25.1400,24.8700,24.8700,1116
2019-05-01,24.8500,25.0300,24.7960,24.9950,2629
2019-04-30,24.8240,24.8350,24.8240,24.8350,459
2019-04-29,24.6100,24.8250,24.6100,24.8250,308
2019-04-26,24.8400,24.9100,24.8400,24.8500,6191
2019-04-25,24.7900,24.7900,24.7900,24.7900,102
2019-04-24,24.9650,24.9650,24.9650,24.9650,98
2019-04-23,25.5700,25.5700,25.0760,25.1250,1975
2019-04-22,25.2040,25.2100,25.1050,25.1050,422
2019-04-18,24.6800,25.1450,24.6800,25.1250,1262
2019-04-17,25.1350,25.1350,24.9830,25.1200,558
2019-04-16,25.1248,25.2500,25.1248,25.2000,894
2019-04-15,25.2160,25.2160,25.1600,25.1600,437
2019-04-12,25.2000,25.2000,25.1020,25.1450,3220
2019-04-11,25.1030,25.3200,25.1030,25.3200,312
2019-04-10,25.2900,25.2900,25.2750,25.2750,566
2019-04-09,25.1690,25.2400,25.1450,25.2400,1586
2019-04-08,25.0700,25.1450,25.0700,25.1450,505
2019-04-05,25.2380,25.2380,25.2000,25.2000,300
2019-04-04,25.0320,25.2600,25.0320,25.2150,565
2019-04-03,25.0940,25.2800,25.0600,25.2300,6710
2019-04-02,25.1100,25.1500,25.1050,25.1050,313
2019-04-01,25.0200,25.1100,25.0200,25.0600,3610
2019-03-29,25.0200,25.0200,24.9500,24.9750,807
2019-03-28,25.0000,25.0400,25.0000,25.0000,635
2019-03-27,25.4900,25.5200,25.2300,25.3500,2983
2019-03-26,25.9570,25.9570,25.5100,25.5100,306
2019-03-25,25.3600,25.3950,25.3400,25.3950,2850
2019-03-22,25.5400,25.7400,25.4800,25.7400,900
2019-03-21,25.7250,25.8380,25.7250,25.8250,1786
2019-03-20,25.4100,25.6350,25.4100,25.6350,993
2019-03-19,25.5350,25.5350,25.5350,25.5350,202
2019-03-18,25.5700,25.5700,25.5700,25.5700,81
2019-03-15,25.4350,25.4350,25.4350,25.4350,87
2019-03-14,25.5100,25.5100,25.5100,25.5100,137
2019-03-13,25.4900,25.4900,25.4900,25.4900,41
2019-03-12,25.4800,25.4800,25.4800,25.4800,189
2019-03-11,25.6370,25.6370,25.2280,25.3850,1574
2019-03-08,25.3250,25.3250,25.3250,25.3250,149
2019-03-07,25.5400,25.5400,25.4850,25.4850,751
2019-03-06,25.5350,25.5350,25.5350,25.5350,20
2019-03-05,26.1400,26.1400,25.3440,25.5750,620
2019-03-04,25.2900,25.7950,25.2900,25.5650,253
2019-03-01,25.6100,25.6100,25.4850,25.4850,1330
2019-02-28,25.6230,25.7950,25.6200,25.7950,2820
2019-02-27,26.1900,26.1900,25.7850,25.7850,122
2019-02-26,25.4300,25.9660,25.4300,25.7150,403
2019-02-25,25.4969,25.9185,25.4969,25.6450,350
2019-02-22,25.5823,25.5960,25.4000,25.5850,540
2019-02-21,25.6500,25.6500,25.6500,25.6500,304
2019-02-20,25.5380,25.6650,25.5380,25.6650,490
2019-02-19,25.3700,25.5299,25.3700,25.4063,2136
2019-02-15,25.5800,25.5800,25.5800,25.5800,32
2019-02-14,25.6500,25.6500,25.5300,25.5300,2099
2019-02-13,25.9000,25.9000,25.4000,25.6500,877
2019-02-12,25.5800,25.5800,25.5800,25.5800,57
2019-02-11,25.0500,25.6000,25.0500,25.4700,2299
2019-02-08,25.5000,25.6800,25.5000,25.5400,770
2019-02-07,25.5240,25.6600,25.5240,25.6600,120
2019-02-06,25.6350,25.6350,25.6350,25.6350,21
2019-02-05,25.5200,25.9000,25.5200,25.7100,916
2019-02-04,25.9800,25.9800,25.6800,25.6800,1834
2019-02-01,25.6100,25.9100,25.5800,25.8500,1327
2019-01-31,25.5700,25.6550,25.3800,25.6550,1275
2019-01-30,25.3760,25.4250,25.3760,25.4250,1846
2019-01-29,25.3700,25.3700,25.3250,25.3250,234
2019-01-28,25.2600,25.2600,25.2600,25.2600,195
2019-01-25,25.2130,25.3650,25.2130,25.2250,1343
2019-01-24,25.2550,25.2550,25.2150,25.2150,653
2019-01-23,25.3200,25.3200,25.1300,25.1300,447
2019-01-22,25.2500,25.2500,25.1800,25.1800,687
2019-01-18,25.2300,25.2300,25.2300,25.2300,140
2019-01-17,25.2450,25.2450,25.2450,25.2450,145
2019-01-16,25.4000,25.4000,25.2480,25.2480,243
2019-01-15,25.0800,25.3550,25.0800,25.2550,6949
2019-01-14,25.0700,25.0700,25.0100,25.0500,17555
2019-01-11,25.0900,25.0900,25.0550,25.0550,3254
2019-01-10,25.0600,25.0600,25.0500,25.0500,173
2019-01-09,24.9600,25.1500,24.9200,24.9400,5820
2019-01-08,25.1000,25.1670,25.0750,25.0750,2847
2019-01-07,24.7900,25.2000,24.7900,25.1000,6754
2019-01-04,24.7150,24.8700,24.6900,24.8300,1937
2019-01-03,24.5800,24.7500,24.5700,24.6980,4847
2019-01-02,24.7700,24.7700,24.5350,24.7250,1743
2018-12-31,24.5800,24.6300,24.5335,24.6300,1550
2018-12-28,24.4900,24.5700,24.4900,24.5700,2663
2018-12-27,24.5220,24.5600,24.4040,24.4900,1201
2018-12-26,24.9200,24.9200,24.6830,24.6830,1164
2018-12-24,25.3980,25.3980,25.1300,25.1300,289
2018-12-21,25.0400,25.0600,24.8400,24.8400,3267
2018-12-20,25.2040,25.3300,24.9150,25.0550,3560
2018-12-19,24.9000,25.0050,24.8800,25.0050,2833
2018-12-18,24.8420,25.0800,24.8420,25.0800,540
2018-12-17,24.7731,25.0250,24.7731,25.0250,473
2018-12-14,25.0400,25.0500,24.8600,24.8600,1898
2018-12-13,24.9100,25.3400,24.9100,25.0600,1262
2018-12-12,24.9500,25.0130,24.9500,25.0000,7955
2018-12-11,24.8800,24.8800,24.8800,24.8800,23
2018-12-10,25.0000,25.0000,24.8880,24.9200,637
2018-12-07,24.9200,24.9200,24.9200,24.9200,50
2018-12-06,24.9101,25.0000,24.8800,24.8800,4890
2018-12-04,24.9700,24.9700,24.9700,24.9700,394
2018-12-03,24.8400,24.9800,24.8400,24.9800,2082
2018-11-30,24.9000,25.1000,24.9000,24.9100,543
2018-11-29,24.7150,25.0600,24.7150,24.8700,3575
2018-11-28,24.6200,24.6200,24.6200,24.6200,36
2018-11-27,24.6200,24.6300,24.6200,24.6200,626
2018-11-26,24.8700,24.8700,24.6700,24.6700,581
2018-11-23,24.7839,24.7839,24.7839,24.7839,388
2018-11-21,24.8400,24.8400,24.7510,24.7510,1811
2018-11-20,25.0000,25.0000,24.6900,24.7800,2516
2018-11-19,24.7800,24.7800,24.7800,24.7800,327
2018-11-16,24.6300,24.6300,24.6300,24.6300,118
2018-11-15,24.6200,24.6200,24.6200,24.6200,181
2018-11-14,24.7100,24.7100,24.7100,24.7100,918
2018-11-13,24.4890,24.6100,24.4000,24.6100,2019
2018-11-12,24.5450,24.7400,24.5400,24.6360,2097
2018-11-09,24.6100,24.6100,24.5800,24.5800,559
2018-11-08,24.7800,24.7800,24.7200,24.7200,845
2018-11-07,24.7900,24.7900,24.7900,24.7900,137
2018-11-06,24.2600,24.2600,24.2600,24.2600,513
2018-11-05,24.6000,24.6500,24.4600,24.6500,1014
2018-11-02,24.6000,24.6000,24.6000,24.6000,430
2018-11-01,24.0900,24.0900,24.0900,24.0900,355
2018-10-31,24.0780,24.4300,24.0780,24.4190,3468
2018-10-30,24.5080,24.5080,24.5080,24.5080,7
2018-10-29,24.5080,24.5080,24.5080,24.5080,200
2018-10-26,24.7000,24.7000,24.7000,24.7000,1231
2018-10-25,24.0900,24.0900,24.0900,24.0900,755
2018-10-24,24.5400,24.5400,24.3300,24.3930,1619
2018-10-23,24.5700,24.5700,24.1100,24.1100,1242
2018-10-22,24.1420,24.1420,24.1420,24.1420,694
2018-10-19,24.5500,24.5500,24.5480,24.5480,492
2018-10-18,24.4000,24.6450,24.2300,24.2700,2183
2018-10-17,24.6300,24.6300,24.3690,24.3690,3063
2018-10-16,24.6150,24.6500,24.2830,24.6300,1535
2018-10-15,24.4900,24.6520,24.0380,24.6500,8819
2018-10-12,24.4200,24.4200,23.9200,24.2000,2546
2018-10-11,24.0110,24.4500,24.0110,24.3000,1160
2018-10-10,24.2210,24.4600,24.2210,24.4600,1920
2018-10-09,23.8480,24.4000,23.8480,24.4000,3489
2018-10-08,24.3750,24.3750,24.1120,24.2730,3976
2018-10-05,24.2200,24.2610,24.2200,24.2610,1282
2018-10-04,24.4900,24.4900,23.9800,23.9800,1022
2018-10-03,24.5000,24.5000,24.0400,24.1200,1508
2018-10-02,24.0940,24.5000,24.0940,24.5000,1500
2018-10-01,24.0200,24.7090,24.0200,24.3000,4677
2018-09-28,24.5150,24.5150,24.1000,24.1000,446
2018-09-27,24.5600,24.5600,24.5600,24.5600,443
2018-09-26,24.6200,24.6200,24.6200,24.6200,353
2018-09-25,24.6200,24.6200,24.3100,24.6200,700
2018-09-24,24.7000,24.7000,24.6150,24.6150,603
2018-09-21,24.1300,24.7400,24.1300,24.6200,3671
2018-09-20,24.2820,24.6600,24.2820,24.6600,1217
2018-09-19,24.1200,24.7100,24.1200,24.7100,2803
2018-09-18,24.1100,24.4520,24.1100,24.2800,1562
2018-09-17,24.3500,24.3500,24.0700,24.2110,1009
2018-09-14,24.6300,24.7600,24.5850,24.7200,6281
2018-09-13,24.0100,24.6400,24.0100,24.6400,2069
2018-09-12,23.8600,24.5370,23.8600,24.2800,2752
2018-09-11,24.5499,24.5499,23.9296,24.1603,2160
2018-09-10,23.8000,24.4800,22.7260,24.2200,4040
2018-09-07,24.0200,24.0200,24.0200,24.0200,994
2018-09-06,24.2900,24.4800,24.2600,24.3710,1766
2018-09-05,24.4900,24.4900,23.8860,24.2680,2892
2018-09-04,24.2600,24.2600,24.0200,24.0600,12630
2018-08-31,24.3000,24.3000,24.0700,24.2350,2446
2018-08-30,24.2800,24.3000,24.2800,24.3000,1061
2018-08-29,24.4400,24.4400,24.4400,24.4400,962
2018-08-28,24.6000,24.7000,24.6000,24.6510,1032
2018-08-27,25.1000,25.1000,24.7510,24.7630,1554
2018-08-24,24.8190,24.8190,24.8190,24.8190,261
2018-08-23,25.0100,25.0300,24.9600,24.9790,2209
2018-08-22,25.1200,25.1500,25.0320,25.1200,1696
2018-08-21,25.0600,25.0600,24.9700,24.9700,3308
2018-08-20,24.9400,24.9400,24.8200,24.8720,2150
2018-08-17,24.8200,24.8200,24.8000,24.8200,3925
2018-08-16,24.8200,24.8200,24.7000,24.7400,4148
2018-08-15,24.3900,24.6000,24.3500,24.3500,5418
2018-08-14,24.6500,24.7500,24.2001,24.4225,3621
2018-08-13,24.7200,25.1800,24.5100,24.5320,13132
2018-08-10,24.9700,25.5700,24.9400,25.2750,8418
2018-08-09,25.8900,25.8900,25.3300,25.4800,4800
2018-08-08,25.5100,25.5100,25.5000,25.5000,653
2018-08-07,25.5000,25.5900,25.5000,25.5200,684
2018-08-06,25.5060,25.7600,25.5060,25.7600,582
2018-08-03,25.7600,25.8780,25.7600,25.8780,2010
2018-08-02,25.8710,25.8710,25.7740,25.7740,613
2018-08-01,25.7680,25.8490,25.7680,25.8490,147
2018-07-31,25.7680,25.7680,25.7680,25.7680,89
2018-07-30,25.8800,26.0910,25.6400,25.7680,4374
2018-07-27,26.0700,26.0700,26.0200,26.0200,344
2018-07-26,25.8400,25.8400,25.8400,25.8400,77
2018-07-25,25.8400,25.8400,25.8400,25.8400,400
2018-07-24,25.8500,25.8500,25.6500,25.7600,2675
2018-07-23,25.9380,25.9380,25.5660,25.6750,1335
2018-07-20,25.4700,25.6400,25.4200,25.6000,971
2018-07-19,25.5770,25.5800,25.4400,25.5800,1188
2018-07-18,25.6500,25.6500,25.6500,25.6500,252
2018-07-17,25.8300,25.9780,25.6100,25.6100,2161
2018-07-16,25.7600,25.7600,25.6900,25.6900,956
2018-07-13,25.7000,25.7500,25.3900,25.7500,4183
2018-07-12,25.7300,25.7300,25.7300,25.7300,219
2018-07-11,26.0450,26.0680,25.7500,26.0600,3678
2018-07-10,25.7500,25.7500,25.7500,25.7500,365
2018-07-09,25.3900,25.9500,25.3900,25.6860,7755
2018-07-06,25.5800,25.7500,25.5400,25.7500,7103
2018-07-05,25.4699,25.4700,25.3579,25.4500,2177
2018-07-03,25.2200,25.3400,25.1000,25.3400,4434
2018-07-02,25.3000,25.4300,25.3000,25.4100,1593
2018-06-29,25.3200,25.3200,25.3200,25.3200,969
2018-06-28,25.4300,25.4300,25.1120,25.2100,7057
2018-06-27,25.5500,25.7500,25.4500,25.4600,9221
2018-06-26,25.6100,25.7600,25.6100,25.7100,3390
2018-06-25,25.7900,25.8000,25.7700,25.8000,1661
2018-06-22,25.6800,25.7180,25.6700,25.6800,15804
2018-06-21,25.6800,25.6800,25.6400,25.6500,2745
2018-06-20,25.6100,25.6400,25.5910,25.5980,5013
2018-06-19,25.6600,25.6700,25.6310,25.6600,2770
2018-06-18,25.7200,25.7200,25.6110,25.7020,877
2018-06-15,25.6700,25.7300,25.6500,25.7300,781
2018-06-14,26.0000,26.0100,25.8700,25.9100,5943
2018-06-13,26.1100,26.1340,26.0400,26.0400,1108
2018-06-12,26.6300,26.6300,26.0900,26.1260,4323
2018-06-11,25.9000,26.2800,25.9000,26.1400,2276
2018-06-08,26.3800,26.3800,26.1300,26.2500,1194
2018-06-07,26.3100,26.3200,26.2450,26.2530,9512
2018-06-06,26.1300,26.4100,26.1300,26.3700,3892
2018-06-05,26.3800,26.4200,26.3760,26.3900,2350
2018-06-04,26.4100,26.4100,26.2420,26.4100,1943
2018-06-01,26.1400,26.4300,26.1400,26.3400,2143
2018-05-31,26.3800,26.4500,26.3800,26.3880,1996
2018-05-30,26.2300,26.2500,26.2124,26.2500,6876
2018-05-29,26.4230,26.4230,26.3000,26.3040,2384
2018-05-25,26.5100,26.5100,26.5100,26.5100,238
2018-05-24,26.5299,26.5299,26.5000,26.5000,774
2018-05-23,26.1000,26.1000,26.1000,26.1000,179
2018-05-22,26.3000,26.3000,26.1000,26.1000,8454
2018-05-21,26.6300,26.6300,26.3000,26.3180,1867
2018-05-18,26.3200,26.5000,26.3000,26.3000,2826
2018-05-17,26.6200,26.6270,26.6200,26.6270,563
2018-05-16,26.4010,26.7000,26.4010,26.5000,1469
2018-05-15,26.6000,26.9400,26.6000,26.7700,9003
2018-05-14,27.1580,27.1590,26.9700,26.9800,6562
2018-05-11,27.2100,27.2100,27.1000,27.1800,4068
2018-05-10,27.0200,27.0300,26.8000,27.0300,12855
2018-05-09,26.8900,26.8900,26.6900,26.6900,1890
2018-05-08,27.0000,27.0000,26.8300,26.9300,5873
2018-05-07,27.1100,27.2340,27.0500,27.0600,5435
2018-05-04,27.1600,27.2900,27.1600,27.1680,2566
2018-05-03,27.2800,27.3000,27.1700,27.3000,1597
2018-05-02,27.6500,27.6500,27.2500,27.4400,10137
2018-05-01,27.5400,27.5800,27.4700,27.4900,2738
2018-04-30,27.9500,27.9500,27.6500,27.7500,3937
2018-04-27,27.8700,27.8700,27.5500,27.8700,3429
2018-04-26,27.6200,27.7700,27.6200,27.7700,393
2018-04-25,27.7700,28.0600,27.7600,27.9900,5260
2018-04-24,27.6200,27.9970,27.1500,27.9800,9609
2018-04-23,28.0000,28.0800,27.8200,27.8200,7687
2018-04-20,28.2200,28.2900,28.1900,28.2500,14798
2018-04-19,28.4930,28.6500,28.4930,28.6500,724
2018-04-18,27.8200,28.4000,27.8200,28.3510,1375
2018-04-17,28.3000,28.3000,28.2700,28.2700,826
2018-04-16,28.3000,28.3000,28.2420,28.2920,3393
2018-04-13,28.4500,28.4500,28.2000,28.2950,607
2018-04-12,28.3450,28.5000,28.3450,28.4400,2974
2018-04-11,28.1100,28.1100,28.1100,28.1100,116
2018-04-10,28.2500,28.4440,28.1300,28.3500,2997
2018-04-09,28.6000,28.6100,28.3200,28.5000,4980
2018-04-06,28.1500,28.4500,28.1500,28.4300,3696
2018-04-05,28.4000,28.5800,28.2700,28.2700,9043
2018-04-04,28.4800,28.6700,28.4800,28.6250,28892
2018-04-03,28.6000,28.6800,28.5500,28.6800,1647
2018-04-02,28.5800,28.5800,28.3290,28.4000,3073
2018-03-29,28.4900,28.6000,28.4500,28.6000,4903
2018-03-28,28.4450,28.5400,28.4220,28.5200,3246
2018-03-27,28.6000,28.6000,28.6000,28.6000,193
2018-03-26,28.5800,28.6500,28.3500,28.6000,22319
2018-03-23,28.5900,28.6000,28.4470,28.4470,590
2018-03-22,28.4200,28.6100,28.4200,28.4200,10222
2018-03-21,28.5900,28.6200,28.5900,28.6200,3658
2018-03-20,28.5300,28.5880,28.4010,28.5880,2018
2018-03-19,28.4400,28.4400,28.4000,28.4000,1312
2018-03-16,28.6000,28.7200,28.1800,28.3970,5229
2018-03-15,28.6490,28.6490,28.6490,28.6490,194
2018-03-14,28.8300,28.8300,28.8300,28.8300,623
2018-03-13,28.7300,28.7300,28.6400,28.7200,2311
2018-03-12,28.4900,28.7000,28.4800,28.6700,1885
2018-03-09,28.6000,28.6000,28.6000,28.6000,78
2018-03-08,28.3110,28.3110,28.3110,28.3110,192
2018-03-07,28.6300,28.8950,28.6200,28.7150,4890
2018-03-06,28.2210,28.2210,28.2210,28.2210,237
2018-03-05,28.5090,28.5090,28.2130,28.2130,878
2018-03-02,28.6500,28.6500,28.5000,28.5000,954
2018-03-01,28.3900,28.6800,28.2600,28.6800,3213
2018-02-28,28.7000,28.7500,28.4170,28.5800,28965
2018-02-27,28.4400,28.9600,28.4350,28.9260,13892
2018-02-26,29.0600,29.0600,28.7810,28.7940,2192
2018-02-23,28.6570,28.7050,28.6570,28.7050,240
2018-02-22,28.7800,28.7800,28.5520,28.5520,615
2018-02-21,28.8900,28.8900,28.8900,28.8900,244
2018-02-20,28.9500,29.0300,28.4900,28.7300,5961
2018-02-16,28.8900,28.9000,28.8900,28.8950,904
2018-02-15,28.5650,28.7500,28.5320,28.7500,2268
2018-02-14,28.6110,28.6300,28.1320,28.3520,6797
2018-02-13,28.4340,28.5700,28.4340,28.5000,3035
2018-02-12,28.0080,28.2450,28.0080,28.2450,1179
2018-02-09,28.3600,28.3600,28.3600,28.3600,488
2018-02-08,28.2000,28.6470,28.1500,28.3640,3098
2018-02-07,28.6630,28.7250,28.6600,28.7250,2293
2018-02-06,28.4100,28.6700,28.4100,28.6700,3692
2018-02-05,28.7500,28.7500,28.6460,28.6500,2287
2018-02-02,28.8800,28.8900,28.7900,28.7900,2646
2018-02-01,29.0800,29.1000,29.0800,29.0800,2995
2018-01-31,28.9500,28.9800,28.7750,28.9800,2362
2018-01-30,28.8970,28.8970,28.8970,28.8970,328
2018-01-29,28.8800,29.1200,28.7200,28.7320,6767
2018-01-26,29.4700,29.4700,28.9870,29.1150,4923
2018-01-25,28.9820,29.1400,28.9820,29.0950,4252
2018-01-24,28.8500,28.9700,28.8500,28.9630,9577
2018-01-23,28.7500,28.7900,28.7500,28.7900,5127
2018-01-22,28.6900,28.7000,28.5800,28.6900,4493
2018-01-19,28.4100,28.7400,28.4100,28.6680,14233
2018-01-18,28.4200,28.6110,28.4200,28.5700,1611
2018-01-17,28.4200,28.6100,28.4200,28.5960,5739
2018-01-16,28.2310,28.5300,28.2310,28.5100,6045
2018-01-12,28.2500,28.3500,28.2500,28.3150,5043
2018-01-11,28.1500,28.1500,28.0700,28.1450,5827
2018-01-10,28.1300,28.1500,28.0000,28.1300,7568
2018-01-09,27.9470,27.9500,27.9130,27.9300,1507
2018-01-08,28.0900,28.3080,27.9990,28.1200,4883
2018-01-05,28.1600,28.3200,28.0500,28.3150,6297
2018-01-04,28.2000,28.2000,28.1200,28.1500,5622
2018-01-03,28.1800,28.1800,28.0800,28.1580,4810
2018-01-02,28.0100,28.0200,27.8200,28.0200,12497
2017-12-29,27.8800,27.8800,27.7200,27.7880,19424
2017-12-28,27.7600,27.9300,27.7600,27.9300,112458
2017-12-27,27.9700,28.3860,27.9500,28.0400,3619
2017-12-26,28.9500,28.9500,28.3220,28.6300,2830
2017-12-22,28.2800,28.4600,28.1050,28.1050,13393
2017-12-21,28.3000,28.4780,28.0400,28.0500,3718
2017-12-20,28.3100,28.3100,28.3000,28.3000,2431
2017-12-19,28.4300,28.4300,28.2540,28.2600,6310
2017-12-18,27.9100,28.1300,27.9100,28.1300,8559
2017-12-15,28.5800,28.5800,28.0300,28.0300,3810
2017-12-14,27.8280,28.1000,27.8280,28.0460,1449
2017-12-13,27.8900,27.9000,27.8900,27.9000,1279
2017-12-12,28.0000,28.0400,27.9550,28.0400,3649
2017-12-11,27.7300,28.0200,27.7300,27.9100,5658
2017-12-08,27.9600,27.9600,27.6610,27.6610,735
2017-12-07,28.0700,28.0700,28.0600,28.0600,892
2017-12-06,27.8720,28.1300,27.8720,28.1300,1217
2017-12-05,28.1200,28.1200,27.9700,27.9700,1909
2017-12-04,28.2900,28.2900,27.9900,28.0500,819
2017-12-01,28.0150,28.0400,27.9380,28.0140,1252
2017-11-30,28.2300,28.2300,27.9000,28.0100,6041
2017-11-29,28.0500,28.0500,28.0500,28.0500,129
2017-11-28,28.2300,28.2300,27.9930,27.9930,849
2017-11-27,28.0400,28.0500,28.0370,28.0420,528
2017-11-24,27.7990,27.9500,27.7990,27.9500,1010
2017-11-22,27.7000,27.7200,27.6100,27.7200,1935
2017-11-21,27.6000,27.6000,27.6000,27.6000,720
2017-11-20,27.4800,27.6000,27.4800,27.6000,3464
2017-11-17,27.5900,27.5900,27.5900,27.5900,324
2017-11-16,27.5512,27.5512,27.5512,27.5512,454
2017-11-15,27.4400,27.4400,27.4400,27.4400,257
2017-11-14,27.2900,27.4450,27.2900,27.3900,1639
2017-11-13,27.5400,27.5400,27.4380,27.4380,3389
2017-11-10,27.5000,27.5900,27.5000,27.5900,1772
2017-11-09,27.6000,27.6000,27.5000,27.5000,2225
2017-11-08,27.5700,27.5700,27.5540,27.5540,1693
2017-11-07,27.6200,27.6200,27.6200,27.6200,183
2017-11-06,27.5030,27.5400,27.5030,27.5050,3954
2017-11-03,27.4900,27.4900,27.4900,27.4900,208
2017-11-02,27.3900,27.4500,27.3900,27.4500,8141
2017-11-01,27.3600,27.3600,27.3300,27.3600,934
2017-10-31,27.3600,27.3700,27.2990,27.2990,2422
2017-10-30,27.3200,27.4100,27.2220,27.3300,6051
2017-10-27,27.5200,27.5880,27.4500,27.5880,1845
2017-10-26,27.3800,27.8150,27.3800,27.8150,1576
2017-10-25,27.8800,27.9000,27.8400,27.8440,2116
2017-10-24,28.0000,28.0000,27.9000,27.9500,840
2017-10-23,28.0500,28.1000,28.0500,28.0900,2081
2017-10-20,28.2350,28.2350,28.1100,28.1100,1430
2017-10-19,28.2500,28.2500,28.1000,28.2450,717
2017-10-18,28.2600,28.2600,28.0200,28.0500,591
2017-10-17,28.2900,28.2900,27.9000,28.0600,1960
2017-10-16,28.6200,28.6200,28.2010,28.3200,4640
2017-10-13,28.6800,28.6800,28.0450,28.2700,2856
2017-10-12,28.1500,28.1510,28.0000,28.0000,1714
2017-10-11,28.1100,28.1100,28.0030,28.0030,2730
2017-10-10,27.9000,28.0300,27.9000,27.9000,653
2017-10-09,28.0850,28.2600,27.8600,27.9000,4515
2017-10-06,28.0790,28.0790,28.0400,28.0400,1755
2017-10-05,27.9800,28.3500,27.9000,28.2600,2189
2017-10-04,28.0000,28.0000,27.9550,27.9770,1784
2017-10-03,27.8900,28.2000,27.8500,27.9660,6032
2017-10-02,28.2900,28.3499,27.9900,28.3000,9741
2017-09-29,28.4400,28.4790,28.4100,28.4400,2622
2017-09-28,28.2500,28.3600,28.2500,28.3600,4197
2017-09-27,28.2400,28.3400,28.2400,28.2800,3437
2017-09-26,28.8600,28.8600,28.4770,28.4800,4297
2017-09-25,29.2000,29.2000,29.0050,29.0230,6230
2017-09-22,29.2000,29.2000,29.1900,29.2000,5566
2017-09-21,29.0800,29.1100,29.0230,29.0600,3060
2017-09-20,29.1900,29.2000,29.0400,29.0400,13535
2017-09-19,29.2000,29.2000,29.0740,29.1100,11568
2017-09-18,29.1400,29.1400,29.0500,29.0900,1650
2017-09-15,29.1700,29.1700,29.1400,29.1400,1294
2017-09-14,29.0400,29.1200,28.9950,29.1200,1156
2017-09-13,28.9800,28.9900,28.9800,28.9800,3119
2017-09-12,28.9700,29.0300,28.9700,29.0300,2901
2017-09-11,29.2000,29.2000,29.1320,29.1320,745
2017-09-08,29.3100,29.3100,29.2000,29.2000,1480
2017-09-07,29.2000,29.2000,29.1300,29.1900,1877
2017-09-06,29.0500,29.1300,28.9510,29.1000,4684
2017-09-05,28.9500,28.9500,28.8300,28.8300,729
2017-09-01,28.8400,28.8600,28.7440,28.8150,1271
2017-08-31,28.7300,28.7500,28.7300,28.7500,1189
2017-08-30,29.0600,29.0600,28.6800,28.6900,1697
2017-08-29,28.7500,28.8100,28.7284,28.8000,6561
2017-08-28,28.6350,28.6800,28.6350,28.6600,1423
2017-08-25,28.6600,28.7430,28.6400,28.7430,2028
2017-08-24,28.5800,28.5800,28.5500,28.5800,10572
2017-08-23,28.5000,28.5600,28.4900,28.5600,14390
2017-08-22,29.1800,29.2000,28.5000,28.6600,13447
2017-08-21,29.2000,29.2000,29.0000,29.2000,1550
2017-08-18,28.9060,28.9060,28.9060,28.9060,65
2017-08-17,29.0900,29.0900,28.9060,28.9060,323
2017-08-16,28.9770,29.0000,28.8100,29.0000,5258
2017-08-15,28.3430,28.3430,28.3430,28.3430,275
2017-08-14,29.0700,29.0700,28.3430,28.3430,4986
2017-08-11,28.8100,28.9400,28.7290,28.9400,2341
2017-08-10,28.8100,28.8100,28.8100,28.8100,117
2017-08-09,28.4540,28.6310,28.3740,28.6310,1456
2017-08-08,28.9590,28.9590,28.9590,28.9590,164
2017-08-07,28.8700,28.9590,28.8700,28.9590,979
2017-08-04,29.1100,29.1100,28.9500,29.0000,3248
2017-08-03,29.0500,29.0800,28.8800,29.0200,2268
2017-08-02,28.4700,29.0200,28.4700,29.0200,724
2017-08-01,28.7930,28.8900,28.6700,28.8900,3954
2017-07-31,28.8720,28.8900,28.7200,28.8900,942
2017-07-28,29.0300,29.0300,28.8930,28.8930,661
2017-07-27,28.9300,29.0000,28.7700,28.7700,2868
2017-07-26,28.8300,28.8300,28.6710,28.6710,588
2017-07-25,28.8200,28.8200,28.4200,28.6800,2312
2017-07-24,28.8500,28.8500,28.8500,28.8500,533
2017-07-21,28.7800,28.7900,28.7800,28.7800,1423
2017-07-20,28.3400,28.3400,28.2400,28.2500,1548
2017-07-19,28.5350,28.9200,28.5350,28.9200,3385
2017-07-18,28.5000,28.5000,28.5000,28.5000,302
2017-07-17,28.4130,28.5000,28.4130,28.5000,939
2017-07-14,28.5100,28.7400,28.3280,28.7400,2343
2017-07-13,28.2900,28.2900,28.2900,28.2900,9
2017-07-12,28.2900,28.2900,28.2900,28.2900,100
2017-07-11,28.2260,28.2900,28.2100,28.2900,1640
2017-07-10,28.2600,28.2600,28.2350,28.2350,717
2017-07-07,27.9700,28.0600,27.6950,28.0600,1822
2017-07-06,28.1399,28.1399,28.1000,28.1000,1872
2017-07-05,27.9800,28.0480,27.7600,27.7600,696
2017-07-03,28.1000,28.3150,28.1000,28.3000,3488
2017-06-30,28.1140,28.2550,28.1000,28.2550,1789
2017-06-29,28.1000,28.2000,28.1000,28.2000,1608
2017-06-28,28.2500,28.4100,28.2000,28.4100,3176
2017-06-27,28.3500,28.4200,28.1000,28.2600,4600
2017-06-26,28.5200,28.5200,28.5200,28.5200,123
2017-06-23,28.6100,28.6400,28.3060,28.5500,1165
2017-06-22,28.6200,28.6200,28.6200,28.6200,445
2017-06-21,28.4100,28.4200,28.3960,28.4200,1554
2017-06-20,28.4300,28.5100,28.1290,28.3500,3660
2017-06-19,28.5250,28.5500,28.5000,28.5000,2288
2017-06-16,28.4600,28.4900,28.4600,28.4800,1605
2017-06-15,28.5100,28.5100,28.2500,28.3200,941
2017-06-14,28.5200,28.5200,28.5200,28.5200,137
2017-06-13,28.4900,28.5100,28.4400,28.4400,1319
2017-06-12,28.3500,28.3500,28.3500,28.3500,2551
2017-06-09,28.3600,28.3700,28.3489,28.3500,1883
2017-06-08,28.3400,28.3599,28.3200,28.3599,1601
2017-06-07,28.4000,28.4100,28.3121,28.3600,9517
2017-06-06,28.3700,28.4200,28.2900,28.3100,4292
2017-06-05,28.1200,28.1200,28.1200,28.1200,171
2017-06-02,28.2700,28.3000,28.0900,28.0900,6492
2017-06-01,27.9900,27.9900,27.9900,27.9900,76
2017-05-31,28.3100,28.3100,27.9328,27.9900,2196
2017-05-30,28.2400,28.2400,28.0300,28.0500,2243
2017-05-26,28.0787,28.0787,28.0787,28.0787,10
2017-05-25,28.0787,28.0787,28.0787,28.0787,349
2017-05-24,27.9490,27.9814,27.9490,27.9814,352
2017-05-23,28.2500,28.2500,27.8900,28.0600,1857
2017-05-22,28.0000,28.0000,27.9750,27.9900,786
2017-05-19,27.6700,27.6700,27.6700,27.6700,110
2017-05-18,27.7600,27.7600,27.6700,27.6700,444
2017-05-17,28.0800,28.0800,28.0197,28.0600,690
2017-05-16,27.8400,27.8400,27.8400,27.8400,44
2017-05-15,27.9201,27.9201,27.8400,27.8400,1359
2017-05-12,28.1200,28.1200,27.7200,27.7250,1401
2017-05-11,27.7142,27.7142,27.7142,27.7142,183
2017-05-10,27.6400,27.6590,27.5301,27.5301,994
2017-05-09,27.5800,27.5900,27.5800,27.5900,2750
2017-05-08,27.7000,27.7000,27.6131,27.6131,1217
2017-05-05,27.5300,27.5900,27.5300,27.5900,1600
2017-05-04,27.5152,27.5152,27.5152,27.5152,251
2017-05-03,27.6900,27.6900,27.6600,27.6700,327
2017-05-02,27.6650,27.6800,27.6650,27.6800,625
2017-05-01,27.5900,27.5900,27.5900,27.5900,264
2017-04-28,27.4671,27.5500,27.4400,27.5500,2589
2017-04-27,27.3700,27.4150,27.3601,27.4150,1993
2017-04-26,27.4700,27.4700,27.4700,27.4700,159
2017-04-25,27.6400,27.7100,27.6400,27.7100,339
2017-04-24,27.7100,27.7100,27.7052,27.7100,437
2017-04-21,27.3806,27.3806,27.3800,27.3800,1594
2017-04-20,27.3283,27.3394,27.3200,27.3300,1221
2017-04-19,27.2771,27.2899,27.2300,27.2300,4994
2017-04-18,27.3738,27.3900,27.3699,27.3699,1971
2017-04-17,27.3500,27.3600,27.2900,27.2901,3815
2017-04-13,27.2869,27.3200,27.2499,27.2499,1133
2017-04-12,27.1599,27.1599,27.1599,27.1599,436
2017-04-11,27.0399,27.0399,27.0300,27.0300,532
2017-04-10,27.1100,27.1100,27.1100,27.1100,137
2017-04-07,27.1700,27.1700,27.1700,27.1700,98
2017-04-06,27.0247,27.0247,27.0247,27.0247,382
2017-04-05,27.0600,27.0600,27.0600,27.0600,83
2017-04-04,27.2400,27.2400,27.0401,27.0600,20557
2017-04-03,27.2500,27.2500,27.1100,27.1300,1774
2017-03-31,27.1500,27.1500,27.1001,27.1500,14426
2017-03-30,27.3450,27.3450,27.3280,27.3280,398
2017-03-29,27.2100,27.2500,27.2100,27.2500,837
2017-03-28,27.2900,27.2999,27.2500,27.2680,12640
2017-03-27,27.3963,27.3963,27.3846,27.3846,386
2017-03-24,27.4100,27.4399,27.4100,27.4100,1401
2017-03-23,27.3300,27.3300,27.3300,27.3300,49
2017-03-22,27.5500,27.5500,27.2700,27.3300,2000
2017-03-21,27.2900,27.3004,27.2900,27.3004,1161
2017-03-20,26.2500,27.2395,26.2500,27.2200,1685
2017-03-17,27.0700,27.2100,27.0700,27.2100,7453
2017-03-16,27.0800,27.0901,27.0800,27.0800,10388
2017-03-15,26.6960,26.8900,26.6879,26.8900,1439
2017-03-14,26.6200,26.6400,26.6200,26.6300,2105
2017-03-13,26.6999,26.7000,26.6767,26.7000,1524
2017-03-10,26.6600,26.6600,26.6600,26.6600,1086
2017-03-09,26.6051,26.6051,26.6051,26.6051,254
2017-03-08,26.7800,26.8100,26.6051,26.6051,1443
2017-03-07,26.8194,26.8300,26.7900,26.8100,8425
2017-03-06,27.2000,27.2000,26.8100,26.8100,893
2017-03-03,26.7400,26.7772,26.7200,26.7300,11439
2017-03-02,26.7298,26.7599,26.7003,26.7003,2174
2017-03-01,26.7993,26.7993,26.7598,26.7598,562
2017-02-28,26.9800,26.9800,26.9800,26.9800,109
2017-02-27,26.9700,26.9800,26.9700,26.9800,468
2017-02-24,26.9000,26.9200,26.8800,26.9200,3832
2017-02-23,27.0200,27.0400,26.9300,26.9400,3440
2017-02-22,26.8999,26.9199,26.8600,26.8800,2742
2017-02-21,27.0101,27.0199,26.7501,26.7501,10527
2017-02-17,27.0300,27.0300,26.9707,26.9899,6264
2017-02-16,27.0700,27.0700,27.0300,27.0400,1113
2017-02-15,27.0000,27.0000,26.9500,26.9500,567
2017-02-14,27.0499,27.1000,27.0400,27.0900,8720
2017-02-13,27.0110,27.0700,27.0110,27.0700,3507
2017-02-10,27.0624,27.0900,27.0624,27.0900,1874
2017-02-09,27.0100,27.0100,27.0030,27.0030,945
2017-02-08,26.9900,26.9900,26.9400,26.9400,1803
2017-02-07,26.8200,26.8200,26.8000,26.8000,1930
2017-02-06,26.9900,27.0000,26.9400,27.0000,9014
2017-02-03,27.1300,27.1300,27.0607,27.0899,2086
2017-02-02,27.0032,27.0032,26.9300,26.9300,1569
2017-02-01,26.8900,26.8900,26.8900,26.8900,394
2017-01-31,26.8000,26.8000,26.7900,26.8000,953
2017-01-30,26.6700,26.7900,26.6700,26.7900,2636
2017-01-27,26.9400,26.9400,26.8000,26.8000,569
2017-01-26,26.9199,26.9200,26.9199,26.9200,1572
2017-01-25,26.9899,27.0199,26.8601,26.8601,1002
2017-01-24,27.0699,27.0699,27.0299,27.0299,888
2017-01-23,26.9300,26.9600,26.9300,26.9600,2185
2017-01-20,26.8000,26.8000,26.8000,26.8000,545
2017-01-19,26.8100,26.8900,26.7973,26.8900,1726
2017-01-18,26.7090,27.0151,26.7090,26.9200,3241
2017-01-17,27.0000,27.0000,26.6200,26.6200,683
2017-01-13,26.4501,26.8107,26.4500,26.8107,1112
2017-01-12,26.8700,26.8799,26.7700,26.8103,8846
2017-01-11,26.4120,26.4466,25.8700,26.3956,2721
2017-01-10,26.2500,26.2500,25.9701,26.0000,8401
2017-01-09,26.6110,26.6300,26.2400,26.2500,5852
2017-01-06,26.6700,26.8200,26.5301,26.5301,13357
2017-01-05,26.6899,26.7300,26.6417,26.7300,803
2017-01-04,26.5470,26.5699,26.5210,26.5699,1055
2017-01-03,25.9801,26.4500,25.9801,26.4312,4546
2016-12-30,26.2999,26.3000,26.0124,26.3000,1786
2016-12-29,26.1700,26.3500,26.1500,26.2000,2855
2016-12-28,26.1500,26.1500,26.1500,26.1500,1839
2016-12-27,26.4700,26.4700,26.1000,26.1792,3955
2016-12-23,26.5500,26.5600,26.4400,26.5600,1754
2016-12-22,26.5779,26.5900,26.2000,26.2000,56352
2016-12-21,26.5500,26.6000,26.5500,26.5900,1078
2016-12-20,26.5300,26.5500,26.5119,26.5500,7461
2016-12-19,26.5000,26.5500,26.4080,26.5100,3853
2016-12-16,26.5125,26.5400,26.4722,26.5100,4939
2016-12-15,26.5500,26.5676,26.5500,26.5676,896
2016-12-14,26.8400,26.8400,26.6117,26.7927,5785
2016-12-13,26.9900,26.9900,26.7781,26.9421,1888
2016-12-12,26.7300,26.7300,26.7300,26.7300,210
2016-12-09,26.7226,26.7300,26.7100,26.7300,1538
2016-12-08,26.7700,26.7900,26.7700,26.7900,1700
2016-12-07,26.8999,26.9100,26.7501,26.7660,3970
2016-12-06,26.7599,26.7699,26.7599,26.7699,538
2016-12-05,26.6499,26.6499,26.6399,26.6399,659
2016-12-02,26.5990,26.6000,26.5050,26.6000,2261
2016-12-01,26.1000,26.6000,26.1000,26.6000,4823
2016-11-30,26.5595,26.5595,26.3500,26.3500,3204
2016-11-29,26.5400,26.5500,26.4900,26.5101,1966
2016-11-28,26.6000,26.6000,26.6000,26.6000,1091
2016-11-25,26.4399,26.7800,26.4236,26.7800,2875
2016-11-23,26.4000,26.4499,26.4000,26.4499,1520
2016-11-22,26.6100,26.6100,26.2300,26.5900,6635
2016-11-21,26.2000,26.5500,26.1414,26.3436,2278
2016-11-18,26.4700,26.4700,26.2000,26.2000,2115
2016-11-17,26.4000,26.6100,26.2200,26.5599,1728
2016-11-16,26.5095,26.6900,26.5095,26.6610,10283
2016-11-15,26.6983,26.6983,26.5335,26.5335,2116
2016-11-14,26.2003,26.5599,26.1101,26.1901,2120
2016-11-11,26.2700,26.5399,26.1849,26.2101,6300
2016-11-10,26.8201,26.8300,26.8200,26.8200,2599
2016-11-09,27.2333,27.3100,27.1600,27.3100,757
2016-11-08,27.4634,27.4634,27.4634,27.4634,41
2016-11-07,27.7200,28.0300,27.4634,27.4634,2089
2016-11-04,27.2500,27.3925,27.2500,27.3925,1077
2016-11-03,27.3600,27.3958,27.3600,27.3958,1615
2016-11-02,27.3500,28.1399,27.3500,27.4500,7805
2016-11-01,27.8200,27.8200,27.6599,27.6599,1094
2016-10-31,27.1200,28.0899,26.8500,27.9300,4823
2016-10-28,27.9399,27.9399,27.2500,27.7300,7933
2016-10-27,27.9299,27.9300,27.7100,27.7100,1209
2016-10-26,28.0300,28.0300,27.9500,27.9500,705
2016-10-25,27.8600,28.0800,27.8600,27.8900,2949
2016-10-24,28.0600,28.0600,27.7900,27.7900,2199
2016-10-21,27.9400,27.9400,27.7400,27.7400,705
2016-10-20,28.0499,28.0499,27.7770,27.7792,917
2016-10-19,28.0299,28.0800,27.8700,27.8700,2305
2016-10-18,27.9600,27.9900,27.7700,27.7700,3085
2016-10-17,27.6600,27.8799,27.6600,27.7100,1601
2016-10-14,27.7199,27.9600,27.6600,27.6600,1642
2016-10-13,27.8500,27.8800,27.8299,27.8800,4615
2016-10-12,27.8499,28.8100,27.8499,27.9100,28556
2016-10-11,27.9299,27.9299,27.8000,27.8000,1497
2016-10-10,27.7500,28.1200,27.7500,28.0900,594
2016-10-07,28.0368,28.1488,27.9000,27.9000,1656
2016-10-06,27.9200,28.1200,27.9000,28.1200,1648
2016-10-05,27.6380,28.4399,27.6380,28.1700,4571
2016-10-04,28.0500,28.4800,28.0000,28.0000,7056
2016-10-03,27.8600,28.3300,27.8600,28.3300,5281
2016-09-30,27.7500,28.2100,27.7500,28.2000,2774
2016-09-29,27.8491,27.8999,27.8491,27.8650,822
2016-09-28,27.7200,27.7200,27.7000,27.7000,815
2016-09-27,27.7100,27.7100,27.7100,27.7100,77
2016-09-26,27.7099,27.7100,27.7099,27.7100,1118
2016-09-23,28.2300,28.5280,28.2300,28.2900,1000
2016-09-22,28.1201,28.1201,28.1201,28.1201,963
2016-09-21,27.8000,27.8001,27.8000,27.8001,1064
2016-09-20,27.6910,27.7600,27.6910,27.7500,3345
2016-09-19,27.5000,27.5600,27.5000,27.5505,1843
2016-09-16,27.5001,27.5699,27.5001,27.5201,1674
2016-09-15,27.6700,27.6700,27.6700,27.6700,64
2016-09-14,27.6000,27.7000,27.6000,27.6700,2087
2016-09-13,27.8100,27.9600,27.6100,27.6100,3881
2016-09-12,27.5800,27.7400,27.5800,27.7400,2497
2016-09-09,27.6150,27.9700,27.6150,27.6300,2077
2016-09-08,27.9287,27.9400,27.8460,27.8600,1888
2016-09-07,27.9399,27.9399,27.9399,27.9399,309
2016-09-06,27.4700,27.7200,27.4000,27.7200,1221
2016-09-02,27.5000,27.6100,27.4800,27.6100,11057
2016-09-01,27.5000,27.5000,27.4900,27.5000,7930
2016-08-31,27.5599,27.5599,27.5300,27.5499,1500
2016-08-30,27.5299,27.5299,27.5100,27.5100,1130
2016-08-29,27.6989,27.6989,27.6989,27.6989,70
2016-08-26,27.6989,27.6989,27.6989,27.6989,75
2016-08-25,27.7400,27.7400,27.6930,27.6989,1274
2016-08-24,27.5900,27.9000,27.5900,27.9000,4175
2016-08-23,27.9299,27.9299,27.9299,27.9299,38
2016-08-22,27.9299,27.9299,27.9299,27.9299,15
2016-08-19,27.9299,27.9299,27.9299,27.9299,359
2016-08-18,27.9700,27.9700,27.9700,27.9700,0
2016-08-17,27.9700,27.9700,27.9700,27.9700,0
2016-08-16,27.9700,27.9700,27.9700,27.9700,200
2016-08-15,27.9000,27.9000,27.9000,27.9000,115
2016-08-12,27.7001,27.7001,27.7001,27.7001,0
2016-08-11,27.7300,27.7600,27.7000,27.7001,4868
2016-08-10,27.7300,27.7300,27.7300,27.7300,14
2016-08-09,27.5800,27.7300,27.5800,27.7300,947
2016-08-08,27.5000,27.6500,27.5000,27.6500,1109
2016-08-05,27.4800,27.5000,27.4695,27.5000,908
2016-08-04,27.4700,27.5300,27.4700,27.5300,992
2016-08-03,27.4700,27.4700,27.4700,27.4700,102
2016-08-02,27.4598,27.4800,27.4598,27.4700,1627
2016-08-01,27.6700,27.6700,27.4308,27.4308,506
2016-07-29,27.1200,27.4800,27.1200,27.4800,568
2016-07-28,27.1200,27.1200,27.1200,27.1200,25
2016-07-27,27.2800,27.2800,27.1200,27.1200,4161
2016-07-26,27.1400,27.5500,27.1400,27.2760,1908
2016-07-25,27.1500,27.1600,27.1499,27.1500,1877
2016-07-22,27.1500,27.1500,27.0000,27.0200,3741
2016-07-21,27.1500,27.1500,27.1500,27.1500,267
2016-07-20,27.2600,27.6400,27.2600,27.3799,748
2016-07-19,27.2110,27.2110,27.2110,27.2110,21
2016-07-18,27.3580,27.3580,27.2110,27.2110,503
2016-07-15,27.4700,27.4700,27.4001,27.4001,462
2016-07-14,27.5000,27.5000,27.5000,27.5000,1265
2016-07-13,27.5000,27.5392,27.4285,27.5392,1915
2016-07-12,27.5200,28.0900,27.5061,27.7599,4501
2016-07-11,27.8500,27.8500,27.4300,27.4400,600
2016-07-08,27.4000,27.4200,27.4000,27.4200,742
2016-07-07,27.2800,27.6100,27.2800,27.6000,700
2016-07-06,27.2300,27.2300,27.2300,27.2300,392
2016-07-05,27.3399,27.3399,27.3399,27.3399,3
2016-07-01,27.3780,27.3780,27.3399,27.3399,915
2016-06-30,27.4300,27.4300,27.4300,27.4300,55
2016-06-29,27.1200,27.4300,27.1200,27.4300,944
2016-06-28,26.7500,26.7500,26.7500,26.7500,205
2016-06-27,26.7590,27.1100,26.7500,26.7900,1070
2016-06-24,27.0200,27.1000,27.0200,27.0500,1600
2016-06-23,27.4400,27.7000,27.4400,27.7000,4000
2016-06-22,27.3000,27.8200,27.3000,27.6100,14133
2016-06-21,27.2192,27.2192,27.2192,27.2192,0
2016-06-20,27.1000,27.2192,27.1000,27.2192,520
2016-06-17,26.9400,26.9400,26.9400,26.9400,107
2016-06-16,26.9400,26.9400,26.9400,26.9400,0
2016-06-15,26.9400,26.9400,26.9400,26.9400,175
2016-06-14,26.7500,26.8200,26.7500,26.7500,2879
2016-06-13,27.0500,27.0600,27.0499,27.0500,847
2016-06-10,27.4700,27.4700,27.1400,27.1400,4712
2016-06-09,27.1600,27.1600,27.1600,27.1600,0
2016-06-08,27.1600,27.1600,27.1600,27.1600,0
2016-06-07,27.1300,27.1600,27.1248,27.1600,807
2016-06-06,27.4600,27.4600,26.8748,27.1400,3258
2016-06-03,26.7500,26.7500,26.7500,26.7500,23
2016-06-02,26.5500,26.7600,26.5500,26.7500,2297
2016-06-01,26.5800,26.5800,26.5800,26.5800,476
2016-05-31,26.8000,26.8200,26.7595,26.7595,1910
2016-05-27,26.8299,26.8599,26.8000,26.8000,2013
2016-05-26,26.7000,27.0800,26.7000,26.7800,4992
2016-05-25,26.5699,26.5699,26.5525,26.5525,955
2016-05-24,26.5300,26.5300,26.5300,26.5300,453
2016-05-23,26.3800,26.3800,26.3800,26.3800,0
2016-05-20,26.3696,26.3828,26.3696,26.3800,641
2016-05-19,26.4800,26.4800,26.3700,26.4200,5101
2016-05-18,26.8600,26.8700,26.7501,26.7770,3660
2016-05-17,26.8600,26.9300,26.8600,26.9005,1693
2016-05-16,27.0200,27.0300,26.9700,26.9700,6450
2016-05-13,26.9000,27.1000,26.9000,26.9200,985
2016-05-12,26.9960,26.9960,26.9200,26.9200,309
2016-05-11,26.9720,26.9720,26.9720,26.9720,102
2016-05-10,26.9060,26.9060,26.9060,26.9060,65
2016-05-09,26.9500,26.9500,26.8800,26.9060,1314
2016-05-06,26.9500,26.9500,26.9500,26.9500,250
2016-05-05,26.9250,26.9500,26.9060,26.9400,4577
2016-05-04,27.0200,27.0300,27.0000,27.0000,4805
2016-05-03,27.2500,27.2500,27.1000,27.1000,677
2016-05-02,27.5000,27.5300,27.1900,27.2500,4941
2016-04-29,27.5400,27.5400,27.1300,27.2200,4643
2016-04-28,27.1800,27.1800,27.1800,27.1800,164
2016-04-27,27.3800,27.3800,27.0800,27.0800,2846
2016-04-26,27.0300,27.0900,27.0100,27.0900,5324
2016-04-25,26.9299,26.9299,26.9199,26.9200,678
2016-04-22,26.8999,26.8999,26.8100,26.8300,556
2016-04-21,27.0000,27.0240,27.0000,27.0000,688
2016-04-20,27.2000,27.2000,27.2000,27.2000,184
2016-04-19,27.2200,27.2200,27.2200,27.2200,2600
2016-04-18,26.8500,26.8500,26.8500,26.8500,1
2016-04-15,26.8500,26.8500,26.8500,26.8500,256
2016-04-14,26.7655,26.8500,26.7655,26.8500,583
2016-04-13,26.7508,26.7508,26.7508,26.7508,748
2016-04-12,26.7996,26.7996,26.7996,26.7996,100
2016-04-11,26.8200,26.8300,26.7200,26.8300,3299
2016-04-08,26.5704,26.6400,26.5700,26.6399,1342
2016-04-07,26.4300,26.4300,26.4200,26.4200,300
2016-04-06,26.4200,26.4200,26.4200,26.4200,76
2016-04-05,26.6200,26.6200,26.3900,26.4200,3148
2016-04-04,26.6300,26.6300,26.6300,26.6300,754
2016-04-01,26.7600,26.7600,26.7500,26.7500,810
2016-03-31,26.8200,26.8300,26.8200,26.8300,686
2016-03-30,26.3300,26.3300,26.3300,26.3300,0
2016-03-29,26.2700,27.0100,26.2700,26.3300,2411
2016-03-28,26.2900,26.6401,26.2200,26.2200,2213
2016-03-24,26.5500,27.5300,26.1500,26.4400,16559
2016-03-23,26.6300,26.6300,26.2600,26.3900,6284
2016-03-22,26.3800,26.3800,26.3800,26.3800,438
2016-03-21,25.8600,26.2200,25.8600,26.2200,452
2016-03-18,26.4800,26.4800,26.4200,26.4200,4926
2016-03-17,26.1000,26.1000,26.0000,26.0000,984
2016-03-16,25.5900,25.9500,25.5600,25.9500,3265
2016-03-15,26.1700,26.2700,25.8000,25.8400,11333
2016-03-14,26.3700,26.5300,26.0400,26.0400,2244
2016-03-11,26.5000,26.5000,26.1700,26.2000,34932
2016-03-10,26.3000,26.3000,26.3000,26.3000,25
2016-03-09,26.1800,26.3200,26.1800,26.3000,1594
2016-03-08,26.0100,27.2000,25.9800,26.0100,3514
2016-03-07,26.0100,26.0600,25.9500,26.0200,1413
2016-03-04,25.9100,26.0450,25.8600,26.0300,46903
2016-03-03,25.7200,25.7200,25.7200,25.7200,100
2016-03-02,25.5500,25.8490,25.5500,25.8490,1384
2016-03-01,25.5100,25.7800,25.5100,25.7800,1093
2016-02-29,25.4700,25.4701,25.4700,25.4701,624
2016-02-26,25.1820,25.2500,25.1599,25.2400,2204
2016-02-25,25.1500,25.1900,25.1500,25.1900,665
2016-02-24,25.1364,25.1900,25.1364,25.1900,518
2016-02-23,25.1000,25.1199,25.1000,25.1100,983
