timestamp,open,high,low,close,volume
2014-10-24,10.1400,10.1400,10.1400,10.1400,0
2014-10-23,10.1400,10.1400,10.1400,10.1400,0
2014-10-22,10.1400,10.1400,10.1400,10.1400,0
2014-10-21,10.1400,10.1400,10.1400,10.1400,0
2014-10-20,10.1400,10.1400,10.1400,10.1400,0
2014-10-17,10.1400,10.1400,10.1400,10.1400,0
2014-10-16,10.1800,10.1800,10.1400,10.1400,12286
2014-10-15,10.3200,10.3200,10.1701,10.1701,1269
2014-10-14,10.1800,10.4300,10.1800,10.3600,46203
2014-10-13,10.3200,10.4600,10.2500,10.2600,55237
2014-10-10,10.2322,10.3460,10.1500,10.2100,7573
2014-10-09,10.3600,10.4200,10.0200,10.2600,21035
2014-10-08,9.8500,10.6000,9.6200,10.6000,33117
2014-10-07,10.0300,10.1667,9.8001,9.8600,25412
2014-10-06,9.9200,10.1000,9.9200,10.0900,22008
2014-10-03,10.2400,10.2400,9.8000,9.8800,4859
2014-10-02,10.1500,10.3500,10.0852,10.3000,25611
2014-10-01,10.1900,10.3690,10.1900,10.2000,38846
2014-09-30,10.2300,10.3100,10.2100,10.2100,16677
2014-09-29,10.2400,10.4590,10.2100,10.3500,12088
2014-09-26,10.4990,10.5800,10.3600,10.3600,18136
2014-09-25,10.3400,10.6001,10.3300,10.6001,2608
2014-09-24,10.5400,10.6701,10.5100,10.5500,36433
2014-09-23,10.6800,10.7000,10.5600,10.6300,8343
2014-09-22,10.7000,10.7000,10.3600,10.4300,7152
2014-09-19,11.0036,11.0036,10.6900,10.7400,18343
2014-09-18,10.9690,10.9690,10.8500,10.8800,19943
2014-09-17,11.2500,11.2500,11.1600,11.1600,2277
2014-09-16,11.1200,11.4699,11.0800,11.4699,6376
2014-09-15,11.2400,11.3401,11.0460,11.2888,64842
2014-09-12,11.3000,11.3820,11.2000,11.3300,12383
2014-09-11,11.2900,11.5800,11.2550,11.5800,16539
2014-09-10,11.5200,11.5710,11.4300,11.4300,12346
2014-09-09,11.6300,11.7000,11.5200,11.7000,13404
2014-09-08,11.9600,11.9700,11.8200,11.8200,5133
2014-09-05,12.0700,12.2486,12.0300,12.0600,5173
2014-09-04,12.4900,12.5900,12.1000,12.2000,5893
2014-09-03,12.6600,12.6600,12.5700,12.5800,3657
2014-09-02,12.7000,12.7000,12.5200,12.6200,40184
2014-08-29,12.4700,13.0700,12.4700,13.0699,19864
2014-08-28,12.8800,12.8800,12.5701,12.5701,1667
2014-08-27,12.5900,12.7099,12.5799,12.6200,10406
2014-08-26,12.6100,12.6500,12.4000,12.6500,2801
2014-08-25,12.5100,12.5100,12.4100,12.4500,3520
2014-08-22,12.4700,12.6500,12.4700,12.6500,13393
2014-08-21,12.5501,12.5600,12.3200,12.3701,5794
2014-08-20,12.9300,13.0301,12.7500,12.8500,53909
2014-08-19,12.8600,12.9299,12.6600,12.9299,6722
2014-08-18,12.9600,13.0600,12.8660,13.0600,5432
2014-08-15,12.9600,12.9780,12.8591,12.8591,831
2014-08-14,13.2700,13.3000,13.2000,13.2599,4362
2014-08-13,13.6100,13.6100,13.1500,13.1500,4390
2014-08-12,13.5000,13.5000,13.1500,13.4100,9190
2014-08-11,13.1000,13.1000,13.0800,13.0800,926
2014-08-08,13.0900,13.0900,13.0900,13.0900,270
2014-08-07,12.8000,13.0800,12.7301,13.0200,3372
2014-08-06,13.0000,13.0000,12.9000,12.9500,1561
2014-08-05,12.4000,12.6536,12.4000,12.5500,3313
2014-08-04,13.0300,13.0300,12.6600,12.6600,71165
2014-08-01,12.8075,12.9000,12.6000,12.8900,5744
2014-07-31,12.9000,12.9000,12.5646,12.5646,3104
2014-07-30,13.0000,13.0800,12.7901,12.9500,2150
2014-07-29,13.6000,13.6100,13.0500,13.0800,3393
2014-07-28,13.1600,13.3499,13.1600,13.3499,2232
2014-07-25,13.0700,13.1699,13.0001,13.0001,1981
2014-07-24,13.0580,13.1008,13.0301,13.0618,1953
2014-07-23,13.3800,13.3800,13.2400,13.2400,3470
2014-07-22,13.3501,13.4601,13.3501,13.4500,6996
2014-07-21,13.2500,13.5600,13.2500,13.4501,33581
2014-07-18,13.2400,13.3448,13.2300,13.2400,2130
2014-07-17,13.2400,13.2400,13.2400,13.2400,1080
2014-07-16,13.2000,13.2000,13.2000,13.2000,83
2014-07-15,13.3110,13.3500,13.0268,13.2000,26088
2014-07-14,13.5000,13.5000,13.3130,13.3530,3096
2014-07-11,13.5100,13.5208,13.3000,13.5208,3002
2014-07-10,13.7400,13.8999,13.7399,13.7399,2010
2014-07-09,13.3098,13.6050,13.3098,13.5510,6239
2014-07-08,13.3100,13.3900,13.1184,13.2500,1779
2014-07-07,13.0100,13.1000,12.8100,13.0710,2075
2014-07-03,13.1200,13.2500,13.1200,13.2500,722
2014-07-02,13.3600,13.4300,13.2430,13.4000,107002
2014-07-01,13.3200,13.4000,13.2700,13.2950,3213
2014-06-30,12.8000,13.3500,12.8000,13.3500,20024
2014-06-27,12.8700,12.8700,12.8200,12.8200,931
2014-06-26,12.7600,12.8500,12.7600,12.8300,1490
2014-06-25,12.8500,12.9300,12.7900,12.8100,2135
2014-06-24,13.3500,13.3500,12.9300,12.9400,3519
2014-06-23,12.8700,13.1940,12.8700,13.1100,2215
2014-06-20,13.1600,13.1600,12.8900,12.8900,3555
2014-06-19,12.4900,13.0000,12.4900,13.0000,6408
2014-06-18,12.2500,12.2500,12.1910,12.2110,3822
2014-06-17,12.1510,12.2500,12.1510,12.2100,2612
2014-06-16,12.0700,12.3900,12.0700,12.1500,13874
2014-06-13,11.5390,12.3000,11.5390,12.3000,2464
2014-06-12,11.9900,12.0000,11.9900,12.0000,625
2014-06-11,11.0890,11.8100,11.0890,11.6801,1424
2014-06-10,11.4200,11.6500,11.3900,11.6300,9825
2014-06-09,11.2400,11.2400,11.2300,11.2300,201
2014-06-06,11.4300,11.4300,11.2280,11.2280,2601
2014-06-05,11.2500,11.3399,11.2500,11.3399,478
2014-06-04,11.0000,11.3797,11.0000,11.0501,715
2014-06-03,11.0900,11.1000,11.0110,11.0110,1608
2014-06-02,11.1401,11.1401,11.0900,11.1000,1657
2014-05-30,10.9900,11.1865,10.9900,11.1865,2128
2014-05-29,11.0610,11.0610,11.0610,11.0610,32
2014-05-28,11.4300,11.4300,11.0400,11.0610,7405
2014-05-27,11.8700,11.8700,11.2100,11.2910,10031
2014-05-23,11.7400,11.7400,11.7400,11.7400,701
2014-05-22,11.7300,11.7300,11.7300,11.7300,166
2014-05-21,11.8500,11.9000,11.7338,11.7338,700
2014-05-20,12.0700,12.0700,11.7728,11.7728,689
2014-05-19,11.7301,12.4999,11.7301,11.9450,920
2014-05-16,11.9420,11.9420,11.8000,11.8000,1597
2014-05-15,12.5000,12.5099,11.5950,12.2800,2901
2014-05-14,11.7600,12.1000,11.7600,12.1000,960
2014-05-13,12.1300,12.1300,12.1300,12.1300,286
2014-05-12,12.1508,12.1508,12.1100,12.1100,961
2014-05-09,12.1200,12.1200,11.9290,12.0099,4291
2014-05-08,12.2400,12.2400,11.9800,12.0115,1120
2014-05-07,12.4000,12.4000,11.9900,12.0200,19439
2014-05-06,12.6800,12.6800,12.2818,12.2818,1797
2014-05-05,12.5100,12.5100,12.4420,12.4420,1138
2014-05-02,12.1410,12.4800,12.1410,12.4000,10395
2014-05-01,12.1500,12.3500,12.1500,12.2300,22251
2014-04-30,12.4400,12.4400,12.4400,12.4400,458
2014-04-29,12.4200,12.4426,12.3400,12.4300,4035
2014-04-28,12.4301,12.4301,12.2801,12.2801,970
2014-04-25,12.4140,12.4140,12.4140,12.4140,243
2014-04-24,12.2400,12.4800,12.2400,12.4800,793
2014-04-23,12.0500,12.3960,12.0500,12.3960,5240
2014-04-22,11.9900,11.9900,11.8096,11.9000,3359
2014-04-21,11.7700,11.8190,11.7700,11.8190,702
2014-04-17,12.0000,12.0900,11.9501,11.9501,4807
2014-04-16,11.9500,11.9500,11.9500,11.9500,74
2014-04-15,12.0800,12.0800,11.9500,11.9500,383
2014-04-14,12.4000,12.5300,12.3700,12.3700,7923
2014-04-11,12.4800,12.4800,12.1700,12.1700,2511
2014-04-10,12.6000,12.6000,12.3500,12.3500,2929
2014-04-09,12.3400,12.5400,12.3400,12.4340,10372
2014-04-08,12.4788,12.4788,12.3750,12.3800,2044
2014-04-07,12.3500,12.3500,12.0600,12.1000,3632
2014-04-04,12.2100,12.3190,12.1200,12.1200,1424
2014-04-03,11.9500,12.0800,11.9500,11.9700,5372
2014-04-02,12.0000,12.1100,12.0000,12.1100,1310
2014-04-01,11.6000,11.7525,11.6000,11.7525,2524
2014-03-31,11.9800,11.9800,11.7560,11.7560,2073
2014-03-28,11.7500,11.8500,11.7500,11.8500,1149
2014-03-27,11.6000,11.6899,11.5201,11.6500,2242
2014-03-26,12.2000,12.2000,11.6520,11.6520,2214
2014-03-25,12.1899,12.2000,12.0001,12.2000,7064
2014-03-24,12.4200,12.4200,11.9968,12.0200,3062
2014-03-21,12.8300,12.9200,12.2310,12.2310,5787
2014-03-20,12.5000,12.6899,12.1300,12.4500,25427
2014-03-19,13.1000,13.1165,12.5100,12.5500,6157
2014-03-18,12.5500,13.3600,12.5500,13.3600,9543
2014-03-17,13.8000,13.8000,13.1501,13.1501,18187
2014-03-14,13.7800,14.0000,13.5001,13.7700,24157
2014-03-13,13.3000,13.5700,13.1800,13.5630,5167
2014-03-12,13.1500,13.1500,12.9800,13.1000,4845
2014-03-11,12.8000,12.8499,12.7060,12.8499,2590
2014-03-10,12.9600,12.9600,12.8473,12.8600,1581
2014-03-07,13.0300,13.0300,12.8200,12.9200,17103
2014-03-06,13.0000,13.1390,13.0000,13.1390,7961
2014-03-05,12.4910,12.6802,12.4910,12.6802,245
2014-03-04,12.5000,12.6400,12.4404,12.6100,1923
2014-03-03,12.8500,12.9100,12.5900,12.5900,12134
2014-02-28,12.3200,12.3400,12.3000,12.3390,9365
2014-02-27,12.2100,12.5169,12.2000,12.3200,3080
2014-02-26,12.5500,12.5500,12.2000,12.2000,2296
2014-02-25,12.6800,12.7500,12.6000,12.6000,1782
2014-02-24,12.8800,12.8800,12.7700,12.8190,3555
2014-02-21,12.6000,12.6200,12.5100,12.5450,5923
2014-02-20,12.3200,12.5100,11.9000,12.5100,10994
2014-02-19,12.5800,12.5800,12.1100,12.4900,13697
2014-02-18,12.6500,12.6500,12.2800,12.5900,9185
2014-02-14,12.3900,12.5900,12.3125,12.4895,11241
2014-02-13,11.9001,12.1645,11.9001,12.0610,3594
2014-02-12,11.8400,11.8700,11.4700,11.7200,6344
2014-02-11,11.3900,11.9500,11.3900,11.9100,17403
2014-02-10,11.0000,11.3600,11.0000,11.2900,5254
2014-02-07,10.9240,11.0000,10.9017,11.0000,412
2014-02-06,10.7000,10.7400,10.6400,10.6958,3643
2014-02-05,10.9500,10.9500,10.6600,10.6600,7342
2014-02-04,10.6100,10.6499,10.5580,10.6499,840
2014-02-03,10.7300,10.7760,10.6500,10.7200,3870
2014-01-31,10.2700,10.6200,10.2700,10.6200,6150
2014-01-30,10.6000,10.6000,10.4544,10.4544,296
2014-01-29,10.6800,10.6900,10.6300,10.6800,2936
2014-01-28,10.3700,10.5200,10.3700,10.5200,2635
2014-01-27,10.4499,10.4499,10.4499,10.4499,223
2014-01-24,10.8400,10.8700,10.6000,10.6771,4981
2014-01-23,10.7940,10.8000,10.7600,10.7750,3956
2014-01-22,10.5700,10.6672,10.4900,10.4900,1704
2014-01-21,11.0000,11.0000,10.6900,10.7500,31625
2014-01-17,10.5000,10.6900,10.5000,10.6900,4888
2014-01-16,10.4000,10.4000,10.3600,10.3800,6604
2014-01-15,10.2700,10.3301,10.2700,10.3100,403
2014-01-14,10.4800,10.5000,10.2600,10.2600,1010
2014-01-13,10.0600,10.4100,10.0600,10.4100,7083
2014-01-10,9.9401,10.0180,9.9400,9.9701,5429
2014-01-09,9.9500,9.9500,9.7400,9.7400,2821
2014-01-08,10.0500,10.0500,9.9390,9.9900,1940
2014-01-07,10.0000,10.0950,9.9501,10.0950,5115
2014-01-06,10.2100,10.2390,10.2000,10.2000,1873
2014-01-03,10.1700,10.2530,10.1500,10.1500,2157
2014-01-02,10.1800,10.1900,10.0800,10.1800,6393
2013-12-31,9.6750,9.8700,9.6750,9.8500,7836
2013-12-30,9.8000,9.8700,9.8000,9.8000,10077
2013-12-27,9.7200,9.8000,9.7100,9.7900,5396
2013-12-26,9.9400,9.9400,9.7601,9.8156,2204
2013-12-24,9.5200,9.6660,9.5200,9.6660,2000
2013-12-23,9.5010,9.5899,9.4700,9.4800,4612
2013-12-20,9.6140,9.6140,9.5900,9.5900,5763
2013-12-19,9.7200,9.7200,9.5780,9.5899,7955
2013-12-18,9.9720,10.0800,9.9700,10.0000,8461
2013-12-17,10.0500,10.0500,9.8901,9.9700,2378
2013-12-16,9.9800,9.9800,9.9800,9.9800,507
2013-12-13,10.0690,10.0690,10.0690,10.0690,521
2013-12-12,9.7799,9.7800,9.7400,9.7800,4055
2013-12-11,10.3098,10.3098,10.3098,10.3098,17
2013-12-10,9.9500,10.3144,9.9500,10.3098,1366
2013-12-09,9.8900,9.8900,9.5200,9.5200,1085
2013-12-06,9.6300,9.7999,9.4850,9.6000,7250
2013-12-05,9.2900,9.6400,9.2801,9.5900,5605
2013-12-04,9.3600,9.4300,9.3600,9.4300,2111
2013-12-03,9.3200,9.7700,9.3200,9.7600,1200
2013-12-02,10.0000,10.1000,9.8200,9.8200,7895
2013-11-29,9.9175,9.9175,9.9175,9.9175,0
2013-11-27,9.8100,9.9175,9.8000,9.9175,2400
2013-11-26,9.9700,10.1700,9.8900,9.9900,2913
2013-11-25,10.0500,10.0500,10.0000,10.0000,539
2013-11-22,10.2300,10.5250,10.2300,10.3500,858
2013-11-21,10.2900,10.3600,10.2000,10.3200,10993
2013-11-20,11.0100,11.0100,10.7600,10.8260,2760
2013-11-19,11.1100,11.1100,10.8800,10.9000,5013
2013-11-18,11.0700,11.1560,11.0700,11.1560,1436
2013-11-15,11.3000,11.6500,11.3000,11.6500,2740
2013-11-14,11.0600,11.3500,11.0600,11.1201,1550
2013-11-13,11.2900,11.2900,10.9900,10.9900,1520
2013-11-12,10.9501,10.9501,10.9501,10.9501,250
2013-11-11,11.6090,11.6090,11.6090,11.6090,0
2013-11-08,11.5000,11.6090,11.0800,11.6090,1000
2013-11-07,11.7500,11.7500,11.7500,11.7500,300
2013-11-06,11.9200,11.9200,11.7800,11.8000,2300
2013-11-05,11.8300,11.9400,11.8300,11.9400,253
2013-11-04,12.0000,12.1300,11.8400,12.1300,8300
2013-11-01,11.7500,11.7500,11.6800,11.6800,4490
2013-10-31,12.0900,12.2196,12.0700,12.1800,3700
2013-10-30,12.4400,12.4400,12.1900,12.1900,1412
2013-10-29,12.5600,12.6500,12.4700,12.4700,2040
2013-10-28,12.7400,12.7700,12.7400,12.7700,2200
2013-10-25,12.5800,12.7600,12.5400,12.7600,2401
2013-10-24,12.6000,12.6300,12.5000,12.5300,4900
2013-10-23,12.6000,12.7200,12.2300,12.2800,7800
2013-10-22,12.5201,12.7847,12.5200,12.7847,2550
2013-10-21,12.1100,12.2700,12.0500,12.2600,4353
2013-10-18,12.0099,12.0099,11.7800,11.8999,11970
2013-10-17,11.8300,12.0900,11.8300,11.8900,141111
2013-10-16,11.3644,11.3644,11.3644,11.3644,800
2013-10-15,11.3000,11.5300,11.2410,11.4840,5983
2013-10-14,11.3400,11.3400,11.2200,11.2200,1250
2013-10-11,11.4700,11.8299,11.2100,11.2100,27655
2013-10-10,11.6000,11.6670,11.5800,11.6540,4417
2013-10-09,11.5001,11.7000,11.5001,11.6000,1127
2013-10-08,11.9500,11.9500,11.7900,11.8000,4600
2013-10-07,12.2900,12.2900,11.7900,11.9500,3855
2013-10-04,11.6768,11.8600,11.6768,11.8600,10650
2013-10-03,11.9300,11.9300,11.7500,11.7500,3110
2013-10-02,11.8000,11.9900,11.8000,11.9529,6000
2013-10-01,12.0000,12.0000,11.6800,11.7900,1942
2013-09-30,12.2000,12.4500,12.0100,12.4500,1400
2013-09-27,12.1600,12.3460,11.9710,12.3460,3220
2013-09-26,12.2300,12.6700,12.2200,12.2200,6689
2013-09-25,12.2400,12.4186,12.2199,12.2300,8800
2013-09-24,11.8505,11.9149,11.8500,11.8600,2273
2013-09-23,12.0800,12.1850,12.0500,12.0500,1979
2013-09-20,12.8900,12.9000,12.3740,12.3801,5012
2013-09-19,13.3200,13.4400,12.6400,12.9800,2842
2013-09-18,11.7200,13.0900,11.5330,12.9700,54356
2013-09-17,11.9200,11.9400,11.8900,11.9300,2334
2013-09-16,11.9900,12.1600,11.9600,12.1600,2142
2013-09-13,11.9800,12.1700,11.7625,12.1700,247929
2013-09-12,12.3100,12.3100,12.2199,12.2199,1200
2013-09-11,12.3500,12.9000,12.3500,12.9000,500
2013-09-10,12.9000,12.9000,12.3900,12.3900,10291
2013-09-09,13.5200,13.5200,12.8500,12.8800,55300
2013-09-06,13.0000,13.0600,12.8000,13.0100,129418
2013-09-05,13.0000,13.0000,12.7600,12.7600,4217
2013-09-04,12.9019,13.0904,12.9000,13.0810,5928
2013-09-03,13.3000,13.5400,12.9310,13.3500,7264
2013-08-30,13.0000,13.0000,12.9501,12.9501,1550
2013-08-29,13.1300,13.4500,12.8700,13.4500,13600
2013-08-28,13.3100,13.5100,12.9200,12.9200,2738
2013-08-27,13.9000,14.0000,13.3100,13.3100,10549
2013-08-26,13.9000,13.9000,13.6500,13.6600,2271
2013-08-23,13.4699,13.5400,13.2600,13.5400,3365
2013-08-22,13.2500,13.3000,12.9900,13.1500,6980
2013-08-21,13.4999,13.4999,13.4999,13.4999,0
2013-08-20,13.1300,13.5000,13.0800,13.4999,5375
2013-08-19,13.4000,13.7900,13.1400,13.2800,7518
2013-08-16,13.5900,13.8080,13.4100,13.5800,10431
2013-08-15,12.5705,13.2800,12.5700,13.2800,1977
2013-08-14,12.6700,12.9250,12.6400,12.7300,4004
2013-08-13,12.5000,12.8500,12.2200,12.4600,7150
2013-08-12,11.9800,12.5600,11.9800,12.4400,5596
2013-08-09,11.4600,11.8499,11.4600,11.7800,1940
2013-08-08,10.9600,11.3100,10.9600,11.2500,2500
2013-08-07,10.5400,10.8100,10.5400,10.8100,2774
2013-08-06,11.0500,11.2800,10.5700,10.8000,3132
2013-08-05,11.3300,11.6700,11.2300,11.2500,1398
2013-08-02,11.3100,11.4400,11.0300,11.0300,2016
2013-08-01,11.5400,11.5400,11.3600,11.5000,601
2013-07-31,11.4300,11.9100,11.4300,11.6840,600
2013-07-30,11.7200,11.8400,11.7200,11.8400,1097
2013-07-29,12.1400,12.1400,11.8220,11.9100,5119
2013-07-26,12.0000,12.0000,11.6500,12.0000,4122
2013-07-25,11.7500,11.7500,11.7500,11.7500,555
2013-07-24,12.1400,12.1500,11.5400,11.5401,7966
2013-07-23,12.1200,12.3500,11.8500,12.2205,18126
2013-07-22,11.6500,12.1490,11.6201,11.9500,19305
2013-07-19,10.9700,11.2735,10.8400,11.2735,5700
2013-07-18,10.9799,10.9799,10.8300,10.8499,500
2013-07-17,10.8800,10.8800,10.8800,10.8800,110
2013-07-16,10.5500,10.9900,10.5500,10.9500,3445
2013-07-15,10.6400,10.6400,10.4600,10.5300,3850
2013-07-12,10.6000,10.6000,10.4400,10.5600,1299
2013-07-11,10.2300,10.2300,10.2300,10.2300,200
2013-07-10,9.8000,9.9000,9.8000,9.9000,2150
2013-07-09,9.8600,10.0250,9.7800,9.7901,3005
2013-07-08,9.9201,9.9201,9.8700,9.8700,3401
2013-07-05,10.2200,10.2200,10.2200,10.2200,0
2013-07-03,10.0200,10.2800,10.0200,10.2200,4570
2013-07-02,10.2100,10.2100,9.7980,9.9940,2712
2013-07-01,10.2899,10.2899,10.2899,10.2899,0
2013-06-28,9.7600,10.2899,9.7600,10.2899,3950
2013-06-27,9.6200,9.6200,9.5200,9.5200,9752
2013-06-26,10.3100,10.3100,9.3100,9.5128,3425
2013-06-25,10.0900,10.3200,9.9500,9.9500,1645
2013-06-24,10.2800,10.2800,9.9928,10.0000,4782
2013-06-21,10.8500,10.8880,10.4200,10.7499,920
2013-06-20,10.9000,11.0600,10.5206,10.5206,17750
2013-06-19,12.0590,12.0590,11.7000,11.7000,200
2013-06-18,12.1899,12.1899,12.1899,12.1899,100
2013-06-17,12.3000,12.3000,12.3000,12.3000,300
2013-06-14,12.1100,12.1100,12.1100,12.1100,103
2013-06-13,11.9400,11.9400,11.9400,11.9400,100
2013-06-12,12.0000,12.4500,12.0000,12.2099,994
2013-06-11,12.0900,12.1376,12.0000,12.0000,2417
2013-06-10,12.2200,12.5000,12.2200,12.5000,700
2013-06-07,12.5800,12.8999,12.5800,12.8999,200
2013-06-06,12.6900,12.6900,12.6900,12.6900,1600
2013-06-05,12.7700,12.9441,12.7700,12.8800,2445
2013-06-04,12.8900,12.9700,12.7000,12.9700,600
2013-06-03,12.8735,13.0590,12.8735,13.0590,200
2013-05-31,12.8300,12.8300,12.8300,12.8300,0
2013-05-30,12.5500,12.8900,12.5500,12.8300,5197
2013-05-29,11.6900,12.1000,11.6900,12.1000,3280
2013-05-28,11.9500,11.9900,11.9300,11.9800,4939
2013-05-24,12.0501,12.0600,12.0500,12.0500,1992
2013-05-23,12.2000,12.2300,12.2000,12.2100,1800
2013-05-22,12.3800,12.3800,11.9800,12.0000,1606
2013-05-21,11.6700,11.9500,11.6700,11.9500,1079
2013-05-20,11.5400,12.0400,11.4500,11.8000,7143
2013-05-17,11.9000,11.9000,11.7400,11.7400,2150
2013-05-16,11.8700,12.3300,11.8400,12.1300,2935
2013-05-15,6.3500,6.3500,6.1700,6.1700,10063
2013-05-14,6.4000,6.4400,6.3791,6.4400,9227
2013-05-13,6.4800,6.4800,6.4200,6.4404,8380
2013-05-10,6.6100,6.6874,6.5000,6.6874,10072
2013-05-09,6.7600,6.9355,6.7600,6.8000,17830
2013-05-08,6.4600,6.7000,6.4600,6.6700,3078
2013-05-07,6.6000,6.6000,6.3400,6.4000,11971
2013-05-06,6.7300,6.7300,6.6000,6.6600,6906
2013-05-03,6.8700,6.8700,6.6500,6.6500,700
2013-05-02,6.8800,6.8800,6.6601,6.7400,23738
2013-05-01,6.7499,6.7500,6.7100,6.7100,1234
2013-04-30,6.7200,6.8100,6.6600,6.8100,1966
2013-04-29,6.7900,6.9200,6.7900,6.8100,13911
2013-04-26,7.0599,7.0600,6.7600,6.8600,12904
2013-04-25,7.0700,7.1360,6.9156,7.0000,17662
2013-04-24,6.6601,6.6601,6.6601,6.6601,190
2013-04-23,6.5700,6.5800,6.3200,6.4900,34015
2013-04-22,6.5800,6.6500,6.3950,6.5300,9587
2013-04-19,6.2800,6.5399,6.1910,6.3900,6703
2013-04-18,6.2900,6.3400,6.1200,6.1520,4209
2013-04-17,6.4300,6.4990,6.0000,6.0077,4725
2013-04-16,6.7300,6.7300,6.4260,6.4260,7183
2013-04-15,6.7700,7.0000,6.2910,6.2910,21158
2013-04-12,7.7600,7.7600,7.2701,7.2701,4875
2013-04-11,7.9100,7.9900,7.8260,7.9299,630
2013-04-10,8.1600,8.1600,7.8725,8.0100,3151
2013-04-09,7.9200,8.2000,7.9200,8.1000,1452
2013-04-08,7.6100,7.9900,7.6100,7.8400,3938
2013-04-05,7.9400,7.9755,7.8400,7.8699,5111
2013-04-04,7.6900,7.6900,7.6000,7.6800,1527
2013-04-03,8.0900,8.0900,7.7300,7.7300,6717
2013-04-02,8.3000,8.3000,8.0401,8.1600,3126
2013-04-01,8.3300,8.5500,8.3000,8.3980,3267
2013-03-28,8.3400,8.3400,8.3400,8.3400,100
2013-03-27,8.4400,8.4601,8.4400,8.4601,1000
2013-03-26,8.3600,8.4600,8.3100,8.4525,5122
2013-03-25,8.6800,8.6800,8.5000,8.5000,6320
2013-03-22,8.5872,8.5936,8.5872,8.5936,367
2013-03-21,8.6000,8.6000,8.6000,8.6000,0
2013-03-20,8.5940,8.6200,8.5940,8.6000,335
2013-03-19,8.5600,8.5600,8.5600,8.5600,500
2013-03-18,8.5500,8.5500,8.5500,8.5500,1000
2013-03-15,8.5900,8.6000,8.5680,8.5900,1140
2013-03-14,8.5000,8.5700,8.5000,8.5700,1259
2013-03-13,8.4940,8.4940,8.4940,8.4940,0
2013-03-12,8.5699,8.5699,8.4601,8.4940,2006
2013-03-11,8.3000,8.3320,8.3000,8.3320,300
2013-03-08,8.4100,8.4100,8.2500,8.4000,600
2013-03-07,8.3900,8.4600,8.3200,8.3400,3951
2013-03-06,8.2700,8.2700,8.1500,8.2000,5444
2013-03-05,8.2900,8.3900,8.2780,8.2780,6561
2013-03-04,8.4000,8.4000,8.2100,8.2175,1862
2013-03-01,8.3900,8.3900,8.3000,8.3299,1952
2013-02-28,8.5000,8.5000,8.4000,8.4101,1789
2013-02-27,8.5958,8.6001,8.5800,8.5800,5300
2013-02-26,8.7600,8.7900,8.7600,8.7600,950
2013-02-25,8.4900,8.6884,8.4900,8.6200,2446
2013-02-22,8.4500,8.5000,8.4500,8.5000,1300
2013-02-21,8.3900,8.4700,8.3900,8.4700,1999
2013-02-20,8.7100,8.7100,8.4200,8.4200,1753
2013-02-19,8.7700,8.8900,8.7300,8.8799,7936
2013-02-15,9.1560,9.1699,8.9101,8.9310,7440
2013-02-14,9.2000,9.3980,9.2000,9.3980,2276
2013-02-13,9.5600,9.5600,9.3100,9.3100,7974
2013-02-12,9.5400,9.5400,9.3800,9.4900,2489
2013-02-11,9.7117,9.7117,9.5440,9.5500,850
2013-02-08,9.5800,9.7900,9.5800,9.6800,1535
2013-02-07,9.7100,9.7200,9.7100,9.7200,1590
2013-02-06,9.7400,9.7400,9.7000,9.7340,300
2013-02-05,9.8600,9.8600,9.8600,9.8600,206
2013-02-04,9.9400,9.9400,9.7882,9.7882,1868
2013-02-01,9.7400,9.9000,9.7400,9.9000,450
2013-01-31,9.7900,9.8060,9.6700,9.6972,9836
2013-01-30,9.7100,9.8884,9.7100,9.8444,6394
2013-01-29,9.6118,9.6118,9.6118,9.6118,0
2013-01-28,9.8088,9.8300,9.6118,9.6118,977
2013-01-25,10.0000,10.0000,9.8000,9.8000,4761
2013-01-24,10.1800,10.1800,10.1000,10.1000,1100
2013-01-23,10.3200,10.3760,10.2000,10.2000,4984
2013-01-22,10.4599,10.4599,10.3200,10.3200,1078
2013-01-18,10.2200,10.4299,10.2200,10.3200,11913
2013-01-17,10.3240,10.4200,10.3240,10.3700,2758
2013-01-16,10.3900,10.3900,10.3900,10.3900,0
2013-01-15,10.4110,10.4200,10.3900,10.3900,1515
2013-01-14,10.4307,10.4307,10.2700,10.4099,2000
2013-01-11,10.2214,10.2500,10.2214,10.2300,1050
2013-01-10,10.1100,10.1100,10.1100,10.1100,525
2013-01-09,10.1400,10.1400,10.0400,10.0400,907
2013-01-08,10.0740,10.0740,10.0740,10.0740,1470
2013-01-07,10.4000,10.4000,10.2800,10.2800,409
2013-01-04,10.5200,10.5200,10.1814,10.2900,1315
2013-01-03,10.7590,10.7590,10.4900,10.4900,1150
2013-01-02,10.6101,10.8900,10.6101,10.6700,5641
2012-12-31,10.3100,10.4800,10.3100,10.4800,1700
2012-12-28,10.3200,10.3200,10.3200,10.3200,1300
2012-12-27,10.3500,10.3500,10.3500,10.3500,2800
2012-12-26,10.1663,10.1663,10.1663,10.1663,591
2012-12-24,10.3200,10.3200,10.1620,10.1620,2202
2012-12-21,10.1001,10.1001,10.1000,10.1000,340
2012-12-20,10.2100,10.2499,10.0901,10.2499,1600
2012-12-19,10.4000,10.4500,10.3000,10.4500,3978
2012-12-18,10.4800,10.5300,10.4800,10.5300,1870
2012-12-17,10.4700,10.4700,10.4700,10.4700,1000
2012-12-14,10.3800,10.3800,10.3800,10.3800,0
2012-12-13,10.4900,10.4900,10.3180,10.3800,10298
2012-12-12,10.7374,10.8699,10.6800,10.8539,7979
2012-12-11,10.6000,10.6100,10.5800,10.6100,400
2012-12-10,10.6300,10.6300,10.4720,10.4900,872
2012-12-07,10.4800,10.5200,10.4500,10.4500,5300
2012-12-06,10.2901,10.2901,10.2901,10.2901,0
2012-12-05,10.3935,10.3935,10.2901,10.2901,1100
2012-12-04,10.6394,10.6394,10.6394,10.6394,0
2012-12-03,10.7448,10.7800,10.6394,10.6394,5500
2012-11-30,11.0000,11.0000,10.7600,10.7699,1100
2012-11-29,10.9200,10.9200,10.8400,10.8500,1000
2012-11-28,10.6995,10.6995,10.6995,10.6995,100
2012-11-27,11.0000,11.0180,10.9169,10.9169,1700
2012-11-26,11.2000,11.2300,11.0020,11.0100,4121
2012-11-23,10.9700,10.9700,10.9700,10.9700,1200
2012-11-21,11.0282,11.0282,10.9700,10.9700,1348
2012-11-20,11.0100,11.0100,11.0100,11.0100,0
2012-11-19,10.9100,11.0700,10.9100,11.0100,1500
2012-11-16,10.6799,10.8100,10.5414,10.8000,4675
2012-11-15,10.7900,10.7900,10.1161,10.5900,10089
2012-11-14,11.0200,11.0200,10.8600,10.8600,8867
2012-11-13,11.4500,11.4500,11.0700,11.2167,12798
2012-11-12,11.7200,11.7200,11.4564,11.4564,653
2012-11-09,11.6800,11.8000,11.6700,11.7260,32220
2012-11-08,11.6900,11.7899,11.6900,11.7899,2900
2012-11-07,11.9200,11.9200,11.7400,11.7400,1100
2012-11-06,11.5800,11.7000,11.5800,11.7000,3620
2012-11-05,11.5599,11.5599,11.4100,11.4300,2453
2012-11-02,11.5000,11.5300,11.4000,11.4300,4495
2012-11-01,11.6100,11.6100,11.6100,11.6100,152
2012-10-31,11.4600,11.6040,11.4300,11.5700,4965
2012-10-26,11.6700,11.7800,11.5200,11.5200,1431
2012-10-25,11.6699,11.6699,11.6699,11.6699,100
2012-10-24,11.5200,11.5200,11.4700,11.4700,1650
2012-10-23,11.8000,11.8000,11.6600,11.7100,4110
2012-10-22,11.9000,12.0100,11.9000,12.0100,200
2012-10-19,11.8900,12.1290,11.8900,11.8918,4400
2012-10-18,12.1020,12.1440,12.1000,12.1440,2465
2012-10-17,12.3201,12.3786,12.3180,12.3698,2599
2012-10-16,12.2700,12.2700,12.1900,12.2300,1390
2012-10-15,12.0900,12.0988,11.9900,12.0720,6304
2012-10-12,12.1152,12.2442,12.1152,12.2442,575
2012-10-11,12.3717,12.4400,12.3700,12.4040,1081
2012-10-10,12.1500,12.3000,12.1500,12.1700,6444
2012-10-09,12.5399,12.5399,12.1900,12.2400,3731
2012-10-08,12.5900,12.5900,12.3700,12.4310,3730
2012-10-05,12.6500,12.7000,12.5100,12.5100,1800
2012-10-04,12.5100,12.6500,12.5100,12.6440,2900
2012-10-03,12.4200,12.4500,12.3771,12.3771,7200
2012-10-02,12.6500,12.6500,12.5180,12.5180,1200
2012-10-01,12.7900,12.7900,12.5700,12.5700,2907
2012-09-28,12.5000,12.5984,12.4018,12.5984,1395
2012-09-27,12.2400,12.4899,12.2400,12.4899,13614
2012-09-26,12.1200,12.2000,11.8210,12.2000,14303
2012-09-25,12.3500,12.5900,12.1900,12.2740,6504
2012-09-24,12.7900,12.7900,12.3401,12.3900,7514
2012-09-21,12.8129,12.8600,12.7517,12.8300,3548
2012-09-20,12.7900,12.7900,12.5408,12.7000,6425
2012-09-19,12.7315,12.8100,12.6200,12.7980,24742
2012-09-18,12.6192,12.6200,12.4810,12.5908,7865
2012-09-17,12.7300,12.7300,12.4000,12.5999,18321
2012-09-14,12.3200,12.7100,12.3200,12.5600,13768
2012-09-13,11.6000,12.1763,11.6000,12.1200,14160
2012-09-12,11.7500,11.7500,11.5500,11.6500,6852
2012-09-11,11.5600,11.9090,11.5600,11.7800,12373
2012-09-10,11.8300,11.8802,11.7000,11.7000,24252
2012-09-07,11.6600,11.8883,11.6200,11.8404,8237
2012-09-06,11.2700,11.4490,11.2700,11.3800,2981
2012-09-05,11.0100,11.0200,11.0100,11.0100,1418
2012-09-04,11.0600,11.1200,11.0000,11.0100,10224
2012-08-31,10.5400,10.9690,10.5400,10.9180,11885
2012-08-30,10.6000,10.6100,10.5400,10.5800,1751
2012-08-29,10.8500,10.8900,10.7500,10.7501,3479
2012-08-28,11.0700,11.0700,10.9300,10.9699,6423
2012-08-27,11.1150,11.1600,10.9900,10.9900,6262
2012-08-24,11.0120,11.2200,11.0120,11.1950,2000
2012-08-23,11.3100,11.3100,11.0320,11.0900,1570
2012-08-22,10.9360,11.1199,10.9360,11.1199,1700
2012-08-21,10.8700,11.0197,10.8700,10.9100,31007
2012-08-20,10.8000,10.8000,10.5820,10.5849,1558
2012-08-17,10.7100,10.7100,10.6020,10.6500,501
2012-08-16,10.6900,10.7100,10.6000,10.7100,4805
2012-08-15,10.3900,10.4550,10.3900,10.4200,1500
2012-08-14,10.5800,10.6000,10.4100,10.4100,19253
2012-08-13,10.7700,10.7700,10.7600,10.7600,400
2012-08-10,10.7500,10.7500,10.6400,10.6400,9900
2012-08-09,10.6000,10.6000,10.5720,10.5810,1500
2012-08-08,10.7300,10.7560,10.5400,10.5605,2308
2012-08-07,10.6100,10.6400,10.5000,10.5220,3208
2012-08-06,10.1200,10.5800,10.1200,10.5100,16373
2012-08-03,10.2400,10.2700,10.1400,10.1400,2800
2012-08-02,10.1000,10.1600,10.1000,10.1600,800
2012-08-01,10.1350,10.2729,10.1350,10.2729,3141
2012-07-31,10.3900,10.3900,10.2300,10.2300,3300
2012-07-30,10.4400,10.4800,10.3500,10.4800,750
2012-07-27,10.3928,10.4300,10.3000,10.4300,2750
2012-07-26,10.0800,10.1002,10.0800,10.1000,850
2012-07-25,9.9022,9.9022,9.8842,9.8842,470
2012-07-24,9.5600,9.5900,9.5400,9.5513,1200
2012-07-23,9.5600,9.5600,9.5000,9.5300,4291
2012-07-20,9.8940,9.8940,9.8940,9.8940,0
2012-07-19,9.7600,9.9800,9.7600,9.8940,1947
2012-07-18,10.0572,10.0572,9.8020,9.8020,1573
2012-07-17,10.1800,10.1800,10.1800,10.1800,0
2012-07-16,10.3100,10.3100,10.1100,10.1800,1853
2012-07-13,10.0301,10.0301,10.0301,10.0301,100
2012-07-12,9.8200,9.8200,9.8100,9.8100,700
2012-07-11,10.2700,10.2700,10.1900,10.2200,1484
2012-07-10,10.4300,10.5800,10.4300,10.5800,200
2012-07-09,10.5100,10.6800,10.2760,10.5300,8397
2012-07-06,10.6500,10.6500,10.6500,10.6500,0
2012-07-05,10.8400,10.8400,10.6500,10.6500,500
2012-07-03,10.3200,10.3200,10.3200,10.3200,0
2012-07-02,10.0400,10.3200,10.0400,10.3200,7338
2012-06-29,10.1700,10.5100,10.1700,10.3400,5619
2012-06-28,9.9300,10.0260,9.9300,10.0260,3700
2012-06-27,10.2100,10.2100,10.2100,10.2100,190
2012-06-26,10.4400,10.4400,10.4400,10.4400,0
2012-06-25,10.5500,10.5500,10.4400,10.4400,401
2012-06-22,10.7900,10.7900,10.7900,10.7900,1450
2012-06-21,10.8760,10.8760,10.6280,10.6280,3636
2012-06-20,11.3013,11.3013,11.3013,11.3013,150
2012-06-19,11.3001,11.3500,11.3001,11.3500,600
2012-06-18,11.2000,11.2600,11.1900,11.2229,3570
2012-06-15,11.1999,11.1999,11.1999,11.1999,0
2012-06-14,10.9500,11.2000,10.9200,11.1999,6645
2012-06-13,11.2100,11.2380,11.0600,11.0600,1850
2012-06-12,11.0120,11.0120,10.9501,10.9501,1150
2012-06-11,10.9400,10.9700,10.8400,10.8780,3100
2012-06-08,10.6800,11.0500,10.6700,10.9600,37212
2012-06-07,11.3000,11.3000,10.8110,11.1600,18546
2012-06-06,11.2600,11.6400,11.1700,11.1700,14559
2012-06-05,11.0400,11.1600,10.8900,11.0980,11334
2012-06-04,10.9100,11.0200,10.6000,10.9200,13478
2012-06-01,10.1000,10.9500,10.1000,10.7100,45279
2012-05-31,10.2700,10.2700,10.1000,10.1000,3100
2012-05-30,10.2700,10.2700,10.2700,10.2700,7393
2012-05-29,10.6900,10.6900,10.2700,10.2700,9789
2012-05-25,10.4100,10.6160,10.1500,10.5600,3295
2012-05-24,10.3600,10.4100,10.1800,10.3900,4448
2012-05-23,9.8300,10.2400,9.6000,10.2400,4150
2012-05-22,10.1000,10.1000,10.0800,10.0800,1200
2012-05-21,10.1000,10.3100,10.0700,10.2200,8017
2012-05-18,10.0500,10.1270,10.0500,10.1000,489
2012-05-17,9.5800,9.9000,9.5800,9.6900,5749
2012-05-16,9.5500,9.5500,9.2060,9.3300,2517
2012-05-15,9.8917,9.8917,9.3800,9.3800,2889
2012-05-14,10.1500,10.1500,9.8300,9.9479,14919
2012-05-11,10.4900,10.4900,10.3300,10.3300,5200
2012-05-10,10.3800,10.7700,10.3800,10.6500,6325
2012-05-09,10.2100,10.6084,10.1000,10.4500,2888
2012-05-08,10.8200,10.8200,10.2700,10.3500,3800
2012-05-07,11.2000,11.2000,10.7900,11.0000,13071
2012-05-04,10.9600,11.2400,10.9600,11.2000,2947
2012-05-03,11.0800,11.1000,11.0800,11.0900,900
2012-05-02,11.5501,11.6699,11.5501,11.6699,1200
2012-05-01,11.8370,11.8600,11.8370,11.8590,6185
2012-04-30,11.7000,11.8000,11.5390,11.7900,4341
2012-04-27,11.7000,11.7380,11.6000,11.6000,13744
2012-04-26,11.4800,11.6300,11.4800,11.6300,1100
2012-04-25,11.1401,11.4600,11.1401,11.4600,2616
2012-04-24,11.2499,11.2500,11.1900,11.1900,3375
2012-04-23,11.2000,11.2000,10.9800,11.1499,949
2012-04-20,11.5400,11.5800,11.4800,11.5800,1000
2012-04-19,11.7000,11.7000,11.3100,11.3100,3050
2012-04-18,11.5000,11.5000,11.3210,11.3636,1850
2012-04-17,11.6400,11.6400,11.5799,11.5799,1200
2012-04-16,11.6800,11.6800,11.4700,11.4700,300
2012-04-13,11.5700,11.7000,11.5700,11.6800,1500
2012-04-12,11.7000,11.7500,11.7000,11.7500,1214
2012-04-11,11.5000,11.5000,11.3400,11.3400,1900
2012-04-10,11.1900,11.4656,11.1900,11.4656,5965
2012-04-09,11.3300,11.4374,11.2817,11.2817,1617
2012-04-05,11.3200,11.5000,11.3100,11.3100,3555
2012-04-04,11.7400,11.7400,11.3000,11.3000,4651
2012-04-03,12.2000,12.2000,11.9000,11.9000,1900
2012-04-02,12.1200,12.2200,12.0840,12.1200,10075
2012-03-30,11.7500,11.9790,11.7500,11.9790,1293
2012-03-29,11.7600,11.8000,11.6720,11.8000,9193
2012-03-28,11.8500,11.9800,11.8000,11.8000,4700
2012-03-27,12.4500,12.4500,12.0500,12.0500,7436
2012-03-26,12.2870,12.3500,12.2870,12.3200,2600
2012-03-23,11.7600,12.0600,11.7600,11.9900,5434
2012-03-22,12.0500,12.0500,11.7500,11.9381,1580
2012-03-21,12.3100,12.3100,12.1449,12.1640,2811
2012-03-20,12.0000,12.2000,11.9900,12.1712,2400
2012-03-19,12.2000,12.2200,12.0700,12.0700,2292
2012-03-16,12.3300,12.3600,12.1900,12.1900,1081
2012-03-15,12.3100,12.4800,12.2710,12.2710,4416
2012-03-14,12.5725,12.6500,12.3500,12.4199,6100
2012-03-13,13.0800,13.1900,12.9300,12.9300,790
2012-03-12,13.1399,13.1399,13.1399,13.1399,100
2012-03-09,13.0000,13.1500,13.0000,13.1500,334
2012-03-08,13.1836,13.3200,13.1836,13.3200,600
2012-03-07,12.6200,12.6375,12.6200,12.6375,400
2012-03-06,13.1000,13.1000,12.5740,12.7739,5818
2012-03-05,13.1400,13.1400,13.1200,13.1300,28503
2012-03-02,13.4900,13.5000,13.4900,13.4901,2447
2012-03-01,14.0200,14.0200,13.6600,13.6900,38046
2012-02-29,14.2900,14.2900,13.8000,13.8150,2290
2012-02-28,14.1100,14.1500,14.0400,14.1500,2051
2012-02-27,13.8973,13.9600,13.8973,13.9500,600
2012-02-24,14.1800,14.1800,14.0700,14.1190,2200
2012-02-23,14.1500,14.1500,13.9801,14.0640,1600
2012-02-22,13.6000,13.9900,13.6000,13.9200,3275
2012-02-21,13.4200,13.6660,13.4200,13.6400,3220
2012-02-17,13.6099,13.6099,13.6099,13.6099,100
2012-02-16,13.3800,13.6400,13.3800,13.6400,5040
2012-02-15,13.6200,13.6200,13.4398,13.4398,640
2012-02-14,13.6200,13.6200,13.4300,13.4400,1400
2012-02-13,13.7000,13.7000,13.6220,13.6220,1360
2012-02-10,13.6200,13.6200,13.4800,13.5000,1868
2012-02-09,13.9000,13.9500,13.9000,13.9500,7629
2012-02-08,13.7610,13.8600,13.7610,13.8600,1575
2012-02-07,13.9300,13.9800,13.9300,13.9800,925
2012-02-06,14.1899,14.1900,13.8200,13.9300,9350
2012-02-03,14.0300,14.1700,14.0000,14.1700,9153
2012-02-02,14.0200,14.1669,14.0200,14.1201,2409
2012-02-01,13.9800,14.0300,13.9800,13.9800,1303
2012-01-31,13.9800,13.9900,13.7600,13.7800,2750
2012-01-30,13.9900,13.9900,13.7000,13.7510,3700
2012-01-27,13.8900,14.1399,13.8900,14.1399,5100
2012-01-26,13.8700,14.0001,13.6200,13.7001,22480
2012-01-25,12.9000,13.5700,12.9000,13.5700,3664
2012-01-24,13.1800,13.1800,13.0292,13.0292,1728
2012-01-23,13.1900,13.2600,13.1400,13.1560,14069
2012-01-20,12.9600,12.9900,12.9600,12.9900,800
2012-01-19,13.1700,13.1700,12.9501,12.9800,985
2012-01-18,13.1000,13.2188,13.0500,13.0900,1280
2012-01-17,13.1600,13.2400,13.1020,13.1880,1451
2012-01-13,12.9000,13.0890,12.8000,12.9000,1500
2012-01-12,13.2700,13.3500,13.2700,13.3065,4212
2012-01-11,13.2000,13.2200,13.0500,13.1300,5908
2012-01-10,13.1100,13.1999,12.9800,13.0225,9195
2012-01-09,12.9900,12.9900,12.7400,12.9700,900
2012-01-06,12.7001,12.8000,12.7001,12.7499,500
2012-01-05,12.7200,12.8650,12.7200,12.8650,4600
2012-01-04,12.7200,12.8600,12.7000,12.8100,5397
2012-01-03,12.6200,12.6588,12.6100,12.6100,3727
2011-12-30,12.1920,12.2688,12.0200,12.2600,1990
2011-12-29,11.8100,11.9836,11.7500,11.9800,4104
2011-12-28,12.3500,12.3500,11.8500,11.8500,10626
2011-12-27,12.5600,12.7000,12.5200,12.6500,14859
2011-12-23,12.4300,12.6000,12.4000,12.5800,5675
2011-12-22,12.4600,12.6000,12.3300,12.4500,5926
2011-12-21,12.7000,12.7000,12.7000,12.7000,0
2011-12-20,12.6600,12.9000,12.5800,12.7000,7353
2011-12-19,12.5700,12.5700,12.1000,12.1000,9428
2011-12-16,12.3100,12.6400,12.3100,12.6090,7800
2011-12-15,12.3500,12.5400,12.2000,12.2000,23660
2011-12-14,12.7300,12.7300,12.2020,12.2800,12500
2011-12-13,13.0600,13.2900,12.9400,12.9400,14918
2011-12-12,13.6900,13.6900,13.1900,13.2000,13550
2011-12-09,13.6600,13.7700,13.6500,13.7700,2987
2011-12-08,13.7600,13.8382,13.6800,13.8382,3512
2011-12-07,13.9700,14.2800,13.9600,14.2100,2150
2011-12-06,13.9600,14.1300,13.9600,13.9700,591
2011-12-05,14.3000,14.3000,14.0610,14.0610,8842
2011-12-02,14.0800,14.1200,13.9500,13.9800,14112
2011-12-01,14.3600,14.5900,14.0200,14.0200,5152
2011-11-30,14.0000,14.2300,13.9010,14.2300,11022
2011-11-29,13.0100,13.3990,13.0100,13.3700,2110
2011-11-28,13.2700,13.2800,13.0255,13.0255,3530
2011-11-25,12.9000,12.9459,12.7926,12.8000,1530
2011-11-23,13.0980,13.0980,12.7500,12.8854,13224
2011-11-22,13.2300,13.3400,13.1400,13.2899,3162
2011-11-21,13.3100,13.3100,12.9610,13.0600,10837
2011-11-18,13.7500,13.7500,13.6000,13.6100,15550
2011-11-17,14.5300,14.5300,13.8150,13.8300,5400
2011-11-16,14.7500,14.8100,14.5135,14.5300,17411
2011-11-15,14.7900,14.7900,14.5600,14.7600,4200
2011-11-14,14.9200,14.9800,14.7499,14.7499,4721
2011-11-11,14.7900,15.0300,14.7500,14.9000,6880
2011-11-10,14.8600,14.8600,14.5000,14.7000,13109
2011-11-09,14.8900,15.0640,14.4810,14.4810,11355
2011-11-08,15.3500,15.3500,15.1240,15.2900,3833
2011-11-07,15.1566,15.1935,15.0100,15.0920,1600
2011-11-04,14.8499,14.9836,14.8000,14.9836,780
2011-11-03,14.7200,15.0700,14.7200,15.0100,800
2011-11-02,14.9300,15.0000,14.7380,14.7380,820
2011-11-01,14.2400,14.3100,13.8500,14.3100,4148
2011-10-31,14.7800,15.0200,14.6500,14.7100,9025
2011-10-28,15.0200,15.1800,15.0200,15.0300,2780
2011-10-27,14.9400,15.1300,14.7600,15.1100,13940
2011-10-26,14.4300,14.5000,14.2500,14.5000,1200
2011-10-25,14.1799,14.4200,14.1637,14.3550,8702
2011-10-24,13.8800,13.9900,13.8800,13.9900,4948
2011-10-21,13.6700,13.7090,13.5650,13.5650,5174
2011-10-20,13.4500,13.4900,13.2900,13.4300,10971
2011-10-19,14.1000,14.1000,13.4500,13.4788,7680
2011-10-18,13.6200,14.2100,13.4300,14.1100,19195
2011-10-17,15.0000,15.0000,13.9000,13.9000,10763
2011-10-14,14.3100,14.3100,14.3100,14.3100,100
2011-10-13,14.0100,14.2300,13.8400,13.9500,21748
2011-10-12,14.1601,14.1601,14.1601,14.1601,1000
2011-10-11,13.9700,13.9700,13.7900,13.9300,3295
2011-10-10,13.9600,14.1100,13.7000,14.1000,24371
2011-10-07,13.6800,13.6800,13.3400,13.4400,1450
2011-10-06,13.4799,13.6000,13.4799,13.5710,1830
2011-10-05,13.1199,13.1401,13.1199,13.1401,4000
2011-10-04,13.0800,13.1800,12.3910,12.7600,17434
2011-10-03,13.5200,13.6090,13.1660,13.2200,5361
2011-09-30,13.0100,13.5099,12.8800,13.3200,5019
2011-09-29,13.6500,13.6500,13.1301,13.1301,4193
2011-09-28,14.1600,14.1600,13.5300,13.5720,4440
2011-09-27,14.3899,14.3899,14.0000,14.0000,1880
2011-09-26,13.6200,13.8800,13.4100,13.8800,8606
2011-09-23,14.2700,14.4100,13.6400,14.0200,23984
2011-09-22,15.3400,15.3400,14.6310,14.6900,13185
2011-09-21,16.4700,16.4700,16.0300,16.0400,15722
2011-09-20,15.9000,16.4399,15.8992,16.3610,6955
2011-09-19,15.9300,16.1399,15.6500,15.8000,5424
2011-09-16,15.8600,16.2200,15.8600,16.0800,4300
2011-09-15,15.7000,15.8900,15.6828,15.7624,3283
2011-09-14,16.3300,16.3300,16.0240,16.0300,5275
2011-09-13,16.1100,16.4000,16.1100,16.3799,7990
2011-09-12,16.4400,16.5200,15.8889,15.9840,17235
2011-09-09,16.8600,16.9139,16.5600,16.6100,18245
2011-09-08,16.7200,16.9500,16.7200,16.9500,1620
2011-09-07,16.6700,16.6700,16.2000,16.4765,11129
2011-09-06,16.3200,16.9200,16.3200,16.6499,46507
2011-09-02,16.5000,16.6600,16.3400,16.5739,12601
2011-09-01,16.1900,16.2490,16.1000,16.1000,4350
2011-08-31,16.3100,16.3100,16.0400,16.1100,10674
2011-08-30,16.0000,16.2200,15.8700,16.1101,19658
2011-08-29,16.1600,16.1600,15.7100,15.8320,22215
2011-08-26,15.5100,15.8399,15.2876,15.8374,32729
2011-08-25,14.8200,15.5900,14.6810,15.4600,24745
2011-08-24,15.6500,15.6600,14.9800,15.0300,180369
2011-08-23,16.3700,16.3700,15.5600,15.6899,108848
2011-08-22,15.9000,16.2100,15.8401,16.2100,10255
2011-08-19,15.2500,15.5940,15.2200,15.4800,10225
2011-08-18,15.2500,15.5099,15.2500,15.3000,6100
2011-08-17,15.5001,15.7000,15.5001,15.5540,2011
2011-08-16,15.4600,15.5999,15.4200,15.5500,58074
2011-08-15,15.2200,15.4812,15.1100,15.4812,4409
2011-08-12,15.4300,15.4300,14.9008,15.1200,12861
2011-08-11,15.2300,15.4304,14.9200,15.4304,6482
2011-08-10,15.0000,15.3900,14.5700,15.2280,18917
2011-08-09,14.5900,14.9900,14.3700,14.9900,22698
2011-08-08,14.4200,14.7400,14.2300,14.3500,16520
2011-08-05,14.8900,14.8900,13.9000,14.1800,22561
2011-08-04,15.4300,15.5375,14.4072,14.5880,23761
2011-08-03,15.7400,15.7400,15.4200,15.4600,8750
2011-08-02,15.3644,15.4500,15.3601,15.4100,5105
2011-08-01,15.2900,15.3400,15.1823,15.2600,6098
2011-07-29,15.2700,15.4100,15.0000,15.2299,2748
2011-07-28,15.2327,15.3700,15.1780,15.3599,3781
2011-07-27,15.8200,15.8600,15.3655,15.3655,14801
2011-07-26,15.7100,15.7299,15.5824,15.6899,10425
2011-07-25,15.7200,15.7620,15.6080,15.6080,1254
2011-07-22,15.5500,15.6630,15.5500,15.6000,6940
2011-07-21,15.4500,15.5700,15.4110,15.4110,1150
2011-07-20,15.6800,15.6800,15.4740,15.4901,2280
2011-07-19,15.7000,15.7508,15.5008,15.5008,5030
2011-07-18,15.8200,15.8200,15.6790,15.7300,19400
2011-07-15,15.3700,15.4500,15.2900,15.4500,3645
2011-07-14,15.3300,15.5100,15.3000,15.4200,4661
2011-07-13,15.5300,15.5300,15.2900,15.3060,13696
2011-07-12,14.5000,14.8276,14.5000,14.7700,10900
2011-07-11,14.7500,14.7500,14.4701,14.4788,7000
2011-07-08,14.8165,14.8165,14.7500,14.7500,3325
2011-07-07,14.8900,14.8900,14.8876,14.8876,600
2011-07-06,14.6500,14.7580,14.6400,14.7325,4652
2011-07-05,14.5100,14.6016,14.4700,14.5500,18213
2011-07-01,14.1500,14.2710,14.1500,14.2620,13510
2011-06-30,14.3300,14.4100,14.3300,14.3300,2800
2011-06-29,14.2300,14.3100,14.1100,14.1100,4305
2011-06-28,13.8000,14.0200,13.8000,14.0200,1820
2011-06-27,13.6700,13.8300,13.5500,13.6900,7121
2011-06-24,14.0300,14.0999,13.8200,13.8999,16212
2011-06-23,14.2400,14.2400,13.9544,13.9544,5000
2011-06-22,14.2600,14.5900,14.2600,14.4000,6798
2011-06-21,13.9600,14.2600,13.9600,14.2600,1600
2011-06-20,13.7000,13.8700,13.7000,13.8200,5215
2011-06-17,13.7700,13.9600,13.7400,13.8700,5528
2011-06-16,13.8000,13.8400,13.6800,13.6800,5902
2011-06-15,14.1790,14.2100,13.8300,13.9500,7601
2011-06-14,14.1636,14.1636,14.1636,14.1636,500
2011-06-13,14.2500,14.2500,13.8800,14.0000,21700
2011-06-10,14.2000,14.2700,14.0800,14.2700,26288
2011-06-09,14.5000,14.5200,14.3900,14.3900,2647
2011-06-08,14.3400,14.3400,14.2900,14.2900,2890
2011-06-07,14.6600,14.7500,14.6200,14.7100,1687
2011-06-06,14.8500,14.8500,14.6700,14.6700,1868
2011-06-03,14.9200,14.9800,14.9200,14.9799,4200
2011-06-02,14.9700,14.9700,14.8000,14.8000,2350
2011-06-01,15.2201,15.3100,15.0901,15.1000,5355
2011-05-31,15.4600,15.4600,15.1309,15.3000,4580
2011-05-27,15.2700,15.2700,15.2000,15.2000,1300
2011-05-26,14.8400,14.8440,14.8400,14.8440,1410
2011-05-25,14.9100,14.9599,14.8200,14.8800,2191
2011-05-24,14.8200,14.8899,14.7812,14.8052,2569
2011-05-23,14.6300,14.6300,14.4001,14.5300,2900
2011-05-20,14.4900,14.7855,14.3801,14.6900,1400
2011-05-19,14.5560,14.6540,14.5560,14.6540,200
2011-05-18,14.6000,14.6024,14.5400,14.6024,4600
2011-05-17,14.3800,14.4270,14.1600,14.4270,10789
2011-05-16,14.7000,14.7000,14.4500,14.4740,10600
2011-05-13,14.6300,14.7800,14.3400,14.4500,5100
2011-05-12,14.7600,14.7600,14.5000,14.7400,991
2011-05-11,15.2101,15.2101,14.7900,14.7900,9420
2011-05-10,15.3300,15.3500,15.2678,15.2678,3465
2011-05-09,15.2699,15.3200,15.0500,15.3200,11110
2011-05-06,14.9100,15.3020,14.9100,14.9661,5917
2011-05-05,15.4800,15.4800,14.7200,14.7900,59735
2011-05-04,15.3400,15.6200,15.2000,15.5900,55429
2011-05-03,16.3600,16.3600,15.5245,15.5245,7580
2011-05-02,16.6800,16.6800,16.1100,16.1350,9958
2011-04-29,16.4700,16.6000,16.2824,16.5198,7316
2011-04-28,16.5100,16.5592,16.2400,16.2800,18773
2011-04-27,15.9500,16.4400,15.8700,16.4000,13233
2011-04-26,16.2600,16.2600,15.9980,16.1799,8497
2011-04-25,16.8800,16.8800,16.0520,16.3300,13295
2011-04-21,16.5500,16.8500,16.5100,16.6000,10376
2011-04-20,16.3500,16.4900,16.3000,16.3468,9320
2011-04-19,16.2200,16.2200,15.9500,16.0700,9428
2011-04-18,16.0720,16.1300,15.5600,15.8899,24140
2011-04-15,16.0700,16.4900,16.0300,16.1500,18420
2011-04-14,16.0100,16.2500,16.0100,16.1500,56787
2011-04-13,16.1600,16.1600,15.9399,15.9800,8108
2011-04-12,16.3800,16.3800,15.9199,15.9199,5073
2011-04-11,16.7900,16.9400,16.1700,16.2800,18950
2011-04-08,16.6700,16.8100,16.6700,16.7500,13238
2011-04-07,16.7400,16.8600,16.4000,16.4399,11582
2011-04-06,16.8600,16.8600,16.4300,16.5200,20737
2011-04-05,15.6800,16.4200,15.6800,16.4107,25437
2011-04-04,15.7100,16.0000,15.7000,15.7000,19340
2011-04-01,16.1900,16.1900,15.7000,15.7300,2675
2011-03-31,15.8400,15.9100,15.7700,15.7700,11784
2011-03-30,16.0200,16.0200,15.6700,15.8400,11785
2011-03-29,15.5000,15.6940,15.4000,15.6399,9780
2011-03-28,15.6900,15.6900,15.5300,15.5500,2780
2011-03-25,15.8800,15.8800,15.6400,15.7100,14020
2011-03-24,16.0700,16.2400,15.8300,15.8900,23110
2011-03-23,15.5300,16.0000,15.5120,16.0000,18123
2011-03-22,15.5200,15.6000,15.3000,15.4600,12458
2011-03-21,15.5700,15.6600,15.3290,15.4500,22062
2011-03-18,15.2400,15.6599,15.0000,15.1000,10235
2011-03-17,15.4500,15.4500,14.5500,14.8300,13730
2011-03-16,14.8000,15.1600,14.5000,14.6000,10555
2011-03-15,15.6300,15.6300,14.4100,14.7500,7744
